0.00000000e+00 0.00000000e+00 0.00000000e+00 G
0.00000000e+00 1.77304965e-03 0.00000000e+00 
0.00000000e+00 3.54609929e-03 0.00000000e+00 
0.00000000e+00 5.31914894e-03 0.00000000e+00 
0.00000000e+00 7.09219858e-03 0.00000000e+00 
0.00000000e+00 8.86524823e-03 0.00000000e+00 
0.00000000e+00 1.06382979e-02 0.00000000e+00 
0.00000000e+00 1.24113475e-02 0.00000000e+00 
0.00000000e+00 1.41843972e-02 0.00000000e+00 
0.00000000e+00 1.59574468e-02 0.00000000e+00 
0.00000000e+00 1.77304965e-02 0.00000000e+00 
0.00000000e+00 1.95035461e-02 0.00000000e+00 
0.00000000e+00 2.12765957e-02 0.00000000e+00 
0.00000000e+00 2.30496454e-02 0.00000000e+00 
0.00000000e+00 2.48226950e-02 0.00000000e+00 
0.00000000e+00 2.65957447e-02 0.00000000e+00 
0.00000000e+00 2.83687943e-02 0.00000000e+00 
0.00000000e+00 3.01418440e-02 0.00000000e+00 
0.00000000e+00 3.19148936e-02 0.00000000e+00 
0.00000000e+00 3.36879433e-02 0.00000000e+00 
0.00000000e+00 3.54609929e-02 0.00000000e+00 
0.00000000e+00 3.72340426e-02 0.00000000e+00 
0.00000000e+00 3.90070922e-02 0.00000000e+00 
0.00000000e+00 4.07801418e-02 0.00000000e+00 
0.00000000e+00 4.25531915e-02 0.00000000e+00 
0.00000000e+00 4.43262411e-02 0.00000000e+00 
0.00000000e+00 4.60992908e-02 0.00000000e+00 
0.00000000e+00 4.78723404e-02 0.00000000e+00 
0.00000000e+00 4.96453901e-02 0.00000000e+00 
0.00000000e+00 5.14184397e-02 0.00000000e+00 
0.00000000e+00 5.31914894e-02 0.00000000e+00 
0.00000000e+00 5.49645390e-02 0.00000000e+00 
0.00000000e+00 5.67375887e-02 0.00000000e+00 
0.00000000e+00 5.85106383e-02 0.00000000e+00 
0.00000000e+00 6.02836879e-02 0.00000000e+00 
0.00000000e+00 6.20567376e-02 0.00000000e+00 
0.00000000e+00 6.38297872e-02 0.00000000e+00 
0.00000000e+00 6.56028369e-02 0.00000000e+00 
0.00000000e+00 6.73758865e-02 0.00000000e+00 
0.00000000e+00 6.91489362e-02 0.00000000e+00 
0.00000000e+00 7.09219858e-02 0.00000000e+00 
0.00000000e+00 7.26950355e-02 0.00000000e+00 
0.00000000e+00 7.44680851e-02 0.00000000e+00 
0.00000000e+00 7.62411348e-02 0.00000000e+00 
0.00000000e+00 7.80141844e-02 0.00000000e+00 
0.00000000e+00 7.97872340e-02 0.00000000e+00 
0.00000000e+00 8.15602837e-02 0.00000000e+00 
0.00000000e+00 8.33333333e-02 0.00000000e+00 
0.00000000e+00 8.51063830e-02 0.00000000e+00 
0.00000000e+00 8.68794326e-02 0.00000000e+00 
0.00000000e+00 8.86524823e-02 0.00000000e+00 
0.00000000e+00 9.04255319e-02 0.00000000e+00 
0.00000000e+00 9.21985816e-02 0.00000000e+00 
0.00000000e+00 9.39716312e-02 0.00000000e+00 
0.00000000e+00 9.57446809e-02 0.00000000e+00 
0.00000000e+00 9.75177305e-02 0.00000000e+00 
0.00000000e+00 9.92907801e-02 0.00000000e+00 
0.00000000e+00 1.01063830e-01 0.00000000e+00 
0.00000000e+00 1.02836879e-01 0.00000000e+00 
0.00000000e+00 1.04609929e-01 0.00000000e+00 
0.00000000e+00 1.06382979e-01 0.00000000e+00 
0.00000000e+00 1.08156028e-01 0.00000000e+00 
0.00000000e+00 1.09929078e-01 0.00000000e+00 
0.00000000e+00 1.11702128e-01 0.00000000e+00 
0.00000000e+00 1.13475177e-01 0.00000000e+00 
0.00000000e+00 1.15248227e-01 0.00000000e+00 
0.00000000e+00 1.17021277e-01 0.00000000e+00 
0.00000000e+00 1.18794326e-01 0.00000000e+00 
0.00000000e+00 1.20567376e-01 0.00000000e+00 
0.00000000e+00 1.22340426e-01 0.00000000e+00 
0.00000000e+00 1.24113475e-01 0.00000000e+00 
0.00000000e+00 1.25886525e-01 0.00000000e+00 
0.00000000e+00 1.27659574e-01 0.00000000e+00 
0.00000000e+00 1.29432624e-01 0.00000000e+00 
0.00000000e+00 1.31205674e-01 0.00000000e+00 
0.00000000e+00 1.32978723e-01 0.00000000e+00 
0.00000000e+00 1.34751773e-01 0.00000000e+00 
0.00000000e+00 1.36524823e-01 0.00000000e+00 
0.00000000e+00 1.38297872e-01 0.00000000e+00 
0.00000000e+00 1.40070922e-01 0.00000000e+00 
0.00000000e+00 1.41843972e-01 0.00000000e+00 
0.00000000e+00 1.43617021e-01 0.00000000e+00 
0.00000000e+00 1.45390071e-01 0.00000000e+00 
0.00000000e+00 1.47163121e-01 0.00000000e+00 
0.00000000e+00 1.48936170e-01 0.00000000e+00 
0.00000000e+00 1.50709220e-01 0.00000000e+00 
0.00000000e+00 1.52482270e-01 0.00000000e+00 
0.00000000e+00 1.54255319e-01 0.00000000e+00 
0.00000000e+00 1.56028369e-01 0.00000000e+00 
0.00000000e+00 1.57801418e-01 0.00000000e+00 
0.00000000e+00 1.59574468e-01 0.00000000e+00 
0.00000000e+00 1.61347518e-01 0.00000000e+00 
0.00000000e+00 1.63120567e-01 0.00000000e+00 
0.00000000e+00 1.64893617e-01 0.00000000e+00 
0.00000000e+00 1.66666667e-01 0.00000000e+00 
0.00000000e+00 1.68439716e-01 0.00000000e+00 
0.00000000e+00 1.70212766e-01 0.00000000e+00 
0.00000000e+00 1.71985816e-01 0.00000000e+00 
0.00000000e+00 1.73758865e-01 0.00000000e+00 
0.00000000e+00 1.75531915e-01 0.00000000e+00 
0.00000000e+00 1.77304965e-01 0.00000000e+00 X
8.86524823e-04 1.77304965e-01 0.00000000e+00 
1.77304965e-03 1.77304965e-01 0.00000000e+00 
2.65957447e-03 1.77304965e-01 0.00000000e+00 
3.54609929e-03 1.77304965e-01 0.00000000e+00 
4.43262411e-03 1.77304965e-01 0.00000000e+00 
5.31914894e-03 1.77304965e-01 0.00000000e+00 
6.20567376e-03 1.77304965e-01 0.00000000e+00 
7.09219858e-03 1.77304965e-01 0.00000000e+00 
7.97872340e-03 1.77304965e-01 0.00000000e+00 
8.86524823e-03 1.77304965e-01 0.00000000e+00 
9.75177305e-03 1.77304965e-01 0.00000000e+00 
1.06382979e-02 1.77304965e-01 0.00000000e+00 
1.15248227e-02 1.77304965e-01 0.00000000e+00 
1.24113475e-02 1.77304965e-01 0.00000000e+00 
1.32978723e-02 1.77304965e-01 0.00000000e+00 
1.41843972e-02 1.77304965e-01 0.00000000e+00 
1.50709220e-02 1.77304965e-01 0.00000000e+00 
1.59574468e-02 1.77304965e-01 0.00000000e+00 
1.68439716e-02 1.77304965e-01 0.00000000e+00 
1.77304965e-02 1.77304965e-01 0.00000000e+00 
1.86170213e-02 1.77304965e-01 0.00000000e+00 
1.95035461e-02 1.77304965e-01 0.00000000e+00 
2.03900709e-02 1.77304965e-01 0.00000000e+00 
2.12765957e-02 1.77304965e-01 0.00000000e+00 
2.21631206e-02 1.77304965e-01 0.00000000e+00 
2.30496454e-02 1.77304965e-01 0.00000000e+00 
2.39361702e-02 1.77304965e-01 0.00000000e+00 
2.48226950e-02 1.77304965e-01 0.00000000e+00 
2.57092199e-02 1.77304965e-01 0.00000000e+00 
2.65957447e-02 1.77304965e-01 0.00000000e+00 
2.74822695e-02 1.77304965e-01 0.00000000e+00 
2.83687943e-02 1.77304965e-01 0.00000000e+00 
2.92553191e-02 1.77304965e-01 0.00000000e+00 
3.01418440e-02 1.77304965e-01 0.00000000e+00 
3.10283688e-02 1.77304965e-01 0.00000000e+00 
3.19148936e-02 1.77304965e-01 0.00000000e+00 
3.28014184e-02 1.77304965e-01 0.00000000e+00 
3.36879433e-02 1.77304965e-01 0.00000000e+00 
3.45744681e-02 1.77304965e-01 0.00000000e+00 
3.54609929e-02 1.77304965e-01 0.00000000e+00 
3.63475177e-02 1.77304965e-01 0.00000000e+00 
3.72340426e-02 1.77304965e-01 0.00000000e+00 
3.81205674e-02 1.77304965e-01 0.00000000e+00 
3.90070922e-02 1.77304965e-01 0.00000000e+00 
3.98936170e-02 1.77304965e-01 0.00000000e+00 
4.07801418e-02 1.77304965e-01 0.00000000e+00 
4.16666667e-02 1.77304965e-01 0.00000000e+00 
4.25531915e-02 1.77304965e-01 0.00000000e+00 
4.34397163e-02 1.77304965e-01 0.00000000e+00 
4.43262411e-02 1.77304965e-01 0.00000000e+00 
4.52127660e-02 1.77304965e-01 0.00000000e+00 
4.60992908e-02 1.77304965e-01 0.00000000e+00 
4.69858156e-02 1.77304965e-01 0.00000000e+00 
4.78723404e-02 1.77304965e-01 0.00000000e+00 
4.87588652e-02 1.77304965e-01 0.00000000e+00 
4.96453901e-02 1.77304965e-01 0.00000000e+00 
5.05319149e-02 1.77304965e-01 0.00000000e+00 
5.14184397e-02 1.77304965e-01 0.00000000e+00 
5.23049645e-02 1.77304965e-01 0.00000000e+00 
5.31914894e-02 1.77304965e-01 0.00000000e+00 
5.40780142e-02 1.77304965e-01 0.00000000e+00 
5.49645390e-02 1.77304965e-01 0.00000000e+00 
5.58510638e-02 1.77304965e-01 0.00000000e+00 
5.67375887e-02 1.77304965e-01 0.00000000e+00 
5.76241135e-02 1.77304965e-01 0.00000000e+00 
5.85106383e-02 1.77304965e-01 0.00000000e+00 
5.93971631e-02 1.77304965e-01 0.00000000e+00 
6.02836879e-02 1.77304965e-01 0.00000000e+00 
6.11702128e-02 1.77304965e-01 0.00000000e+00 
6.20567376e-02 1.77304965e-01 0.00000000e+00 
6.29432624e-02 1.77304965e-01 0.00000000e+00 
6.38297872e-02 1.77304965e-01 0.00000000e+00 
6.47163121e-02 1.77304965e-01 0.00000000e+00 
6.56028369e-02 1.77304965e-01 0.00000000e+00 
6.64893617e-02 1.77304965e-01 0.00000000e+00 
6.73758865e-02 1.77304965e-01 0.00000000e+00 
6.82624113e-02 1.77304965e-01 0.00000000e+00 
6.91489362e-02 1.77304965e-01 0.00000000e+00 
7.00354610e-02 1.77304965e-01 0.00000000e+00 
7.09219858e-02 1.77304965e-01 0.00000000e+00 
7.18085106e-02 1.77304965e-01 0.00000000e+00 
7.26950355e-02 1.77304965e-01 0.00000000e+00 
7.35815603e-02 1.77304965e-01 0.00000000e+00 
7.44680851e-02 1.77304965e-01 0.00000000e+00 
7.53546099e-02 1.77304965e-01 0.00000000e+00 
7.62411348e-02 1.77304965e-01 0.00000000e+00 
7.71276596e-02 1.77304965e-01 0.00000000e+00 
7.80141844e-02 1.77304965e-01 0.00000000e+00 
7.89007092e-02 1.77304965e-01 0.00000000e+00 
7.97872340e-02 1.77304965e-01 0.00000000e+00 
8.06737589e-02 1.77304965e-01 0.00000000e+00 
8.15602837e-02 1.77304965e-01 0.00000000e+00 
8.24468085e-02 1.77304965e-01 0.00000000e+00 
8.33333333e-02 1.77304965e-01 0.00000000e+00 
8.42198582e-02 1.77304965e-01 0.00000000e+00 
8.51063830e-02 1.77304965e-01 0.00000000e+00 
8.59929078e-02 1.77304965e-01 0.00000000e+00 
8.68794326e-02 1.77304965e-01 0.00000000e+00 
8.77659574e-02 1.77304965e-01 0.00000000e+00 
8.86524823e-02 1.77304965e-01 0.00000000e+00 W
8.90957447e-02 1.76861702e-01 0.00000000e+00 
8.95390071e-02 1.76418440e-01 0.00000000e+00 
8.99822695e-02 1.75975177e-01 0.00000000e+00 
9.04255319e-02 1.75531915e-01 0.00000000e+00 
9.08687943e-02 1.75088652e-01 0.00000000e+00 
9.13120567e-02 1.74645390e-01 0.00000000e+00 
9.17553191e-02 1.74202128e-01 0.00000000e+00 
9.21985816e-02 1.73758865e-01 0.00000000e+00 
9.26418440e-02 1.73315603e-01 0.00000000e+00 
9.30851064e-02 1.72872340e-01 0.00000000e+00 
9.35283688e-02 1.72429078e-01 0.00000000e+00 
9.39716312e-02 1.71985816e-01 0.00000000e+00 
9.44148936e-02 1.71542553e-01 0.00000000e+00 
9.48581560e-02 1.71099291e-01 0.00000000e+00 
9.53014184e-02 1.70656028e-01 0.00000000e+00 
9.57446809e-02 1.70212766e-01 0.00000000e+00 
9.61879433e-02 1.69769504e-01 0.00000000e+00 
9.66312057e-02 1.69326241e-01 0.00000000e+00 
9.70744681e-02 1.68882979e-01 0.00000000e+00 
9.75177305e-02 1.68439716e-01 0.00000000e+00 
9.79609929e-02 1.67996454e-01 0.00000000e+00 
9.84042553e-02 1.67553191e-01 0.00000000e+00 
9.88475177e-02 1.67109929e-01 0.00000000e+00 
9.92907801e-02 1.66666667e-01 0.00000000e+00 
9.97340426e-02 1.66223404e-01 0.00000000e+00 
1.00177305e-01 1.65780142e-01 0.00000000e+00 
1.00620567e-01 1.65336879e-01 0.00000000e+00 
1.01063830e-01 1.64893617e-01 0.00000000e+00 
1.01507092e-01 1.64450355e-01 0.00000000e+00 
1.01950355e-01 1.64007092e-01 0.00000000e+00 
1.02393617e-01 1.63563830e-01 0.00000000e+00 
1.02836879e-01 1.63120567e-01 0.00000000e+00 
1.03280142e-01 1.62677305e-01 0.00000000e+00 
1.03723404e-01 1.62234043e-01 0.00000000e+00 
1.04166667e-01 1.61790780e-01 0.00000000e+00 
1.04609929e-01 1.61347518e-01 0.00000000e+00 
1.05053191e-01 1.60904255e-01 0.00000000e+00 
1.05496454e-01 1.60460993e-01 0.00000000e+00 
1.05939716e-01 1.60017730e-01 0.00000000e+00 
1.06382979e-01 1.59574468e-01 0.00000000e+00 
1.06826241e-01 1.59131206e-01 0.00000000e+00 
1.07269504e-01 1.58687943e-01 0.00000000e+00 
1.07712766e-01 1.58244681e-01 0.00000000e+00 
1.08156028e-01 1.57801418e-01 0.00000000e+00 
1.08599291e-01 1.57358156e-01 0.00000000e+00 
1.09042553e-01 1.56914894e-01 0.00000000e+00 
1.09485816e-01 1.56471631e-01 0.00000000e+00 
1.09929078e-01 1.56028369e-01 0.00000000e+00 
1.10372340e-01 1.55585106e-01 0.00000000e+00 
1.10815603e-01 1.55141844e-01 0.00000000e+00 
1.11258865e-01 1.54698582e-01 0.00000000e+00 
1.11702128e-01 1.54255319e-01 0.00000000e+00 
1.12145390e-01 1.53812057e-01 0.00000000e+00 
1.12588652e-01 1.53368794e-01 0.00000000e+00 
1.13031915e-01 1.52925532e-01 0.00000000e+00 
1.13475177e-01 1.52482270e-01 0.00000000e+00 
1.13918440e-01 1.52039007e-01 0.00000000e+00 
1.14361702e-01 1.51595745e-01 0.00000000e+00 
1.14804965e-01 1.51152482e-01 0.00000000e+00 
1.15248227e-01 1.50709220e-01 0.00000000e+00 
1.15691489e-01 1.50265957e-01 0.00000000e+00 
1.16134752e-01 1.49822695e-01 0.00000000e+00 
1.16578014e-01 1.49379433e-01 0.00000000e+00 
1.17021277e-01 1.48936170e-01 0.00000000e+00 
1.17464539e-01 1.48492908e-01 0.00000000e+00 
1.17907801e-01 1.48049645e-01 0.00000000e+00 
1.18351064e-01 1.47606383e-01 0.00000000e+00 
1.18794326e-01 1.47163121e-01 0.00000000e+00 
1.19237589e-01 1.46719858e-01 0.00000000e+00 
1.19680851e-01 1.46276596e-01 0.00000000e+00 
1.20124113e-01 1.45833333e-01 0.00000000e+00 
1.20567376e-01 1.45390071e-01 0.00000000e+00 
1.21010638e-01 1.44946809e-01 0.00000000e+00 
1.21453901e-01 1.44503546e-01 0.00000000e+00 
1.21897163e-01 1.44060284e-01 0.00000000e+00 
1.22340426e-01 1.43617021e-01 0.00000000e+00 
1.22783688e-01 1.43173759e-01 0.00000000e+00 
1.23226950e-01 1.42730496e-01 0.00000000e+00 
1.23670213e-01 1.42287234e-01 0.00000000e+00 
1.24113475e-01 1.41843972e-01 0.00000000e+00 
1.24556738e-01 1.41400709e-01 0.00000000e+00 
1.25000000e-01 1.40957447e-01 0.00000000e+00 
1.25443262e-01 1.40514184e-01 0.00000000e+00 
1.25886525e-01 1.40070922e-01 0.00000000e+00 
1.26329787e-01 1.39627660e-01 0.00000000e+00 
1.26773050e-01 1.39184397e-01 0.00000000e+00 
1.27216312e-01 1.38741135e-01 0.00000000e+00 
1.27659574e-01 1.38297872e-01 0.00000000e+00 
1.28102837e-01 1.37854610e-01 0.00000000e+00 
1.28546099e-01 1.37411348e-01 0.00000000e+00 
1.28989362e-01 1.36968085e-01 0.00000000e+00 
1.29432624e-01 1.36524823e-01 0.00000000e+00 
1.29875887e-01 1.36081560e-01 0.00000000e+00 
1.30319149e-01 1.35638298e-01 0.00000000e+00 
1.30762411e-01 1.35195035e-01 0.00000000e+00 
1.31205674e-01 1.34751773e-01 0.00000000e+00 
1.31648936e-01 1.34308511e-01 0.00000000e+00 
1.32092199e-01 1.33865248e-01 0.00000000e+00 
1.32535461e-01 1.33421986e-01 0.00000000e+00 
1.32978723e-01 1.32978723e-01 0.00000000e+00 K
1.31648936e-01 1.31648936e-01 0.00000000e+00 
1.30319149e-01 1.30319149e-01 0.00000000e+00 
1.28989362e-01 1.28989362e-01 0.00000000e+00 
1.27659574e-01 1.27659574e-01 0.00000000e+00 
1.26329787e-01 1.26329787e-01 0.00000000e+00 
1.25000000e-01 1.25000000e-01 0.00000000e+00 
1.23670213e-01 1.23670213e-01 0.00000000e+00 
1.22340426e-01 1.22340426e-01 0.00000000e+00 
1.21010638e-01 1.21010638e-01 0.00000000e+00 
1.19680851e-01 1.19680851e-01 0.00000000e+00 
1.18351064e-01 1.18351064e-01 0.00000000e+00 
1.17021277e-01 1.17021277e-01 0.00000000e+00 
1.15691489e-01 1.15691489e-01 0.00000000e+00 
1.14361702e-01 1.14361702e-01 0.00000000e+00 
1.13031915e-01 1.13031915e-01 0.00000000e+00 
1.11702128e-01 1.11702128e-01 0.00000000e+00 
1.10372340e-01 1.10372340e-01 0.00000000e+00 
1.09042553e-01 1.09042553e-01 0.00000000e+00 
1.07712766e-01 1.07712766e-01 0.00000000e+00 
1.06382979e-01 1.06382979e-01 0.00000000e+00 
1.05053191e-01 1.05053191e-01 0.00000000e+00 
1.03723404e-01 1.03723404e-01 0.00000000e+00 
1.02393617e-01 1.02393617e-01 0.00000000e+00 
1.01063830e-01 1.01063830e-01 0.00000000e+00 
9.97340426e-02 9.97340426e-02 0.00000000e+00 
9.84042553e-02 9.84042553e-02 0.00000000e+00 
9.70744681e-02 9.70744681e-02 0.00000000e+00 
9.57446809e-02 9.57446809e-02 0.00000000e+00 
9.44148936e-02 9.44148936e-02 0.00000000e+00 
9.30851064e-02 9.30851064e-02 0.00000000e+00 
9.17553191e-02 9.17553191e-02 0.00000000e+00 
9.04255319e-02 9.04255319e-02 0.00000000e+00 
8.90957447e-02 8.90957447e-02 0.00000000e+00 
8.77659574e-02 8.77659574e-02 0.00000000e+00 
8.64361702e-02 8.64361702e-02 0.00000000e+00 
8.51063830e-02 8.51063830e-02 0.00000000e+00 
8.37765957e-02 8.37765957e-02 0.00000000e+00 
8.24468085e-02 8.24468085e-02 0.00000000e+00 
8.11170213e-02 8.11170213e-02 0.00000000e+00 
7.97872340e-02 7.97872340e-02 0.00000000e+00 
7.84574468e-02 7.84574468e-02 0.00000000e+00 
7.71276596e-02 7.71276596e-02 0.00000000e+00 
7.57978723e-02 7.57978723e-02 0.00000000e+00 
7.44680851e-02 7.44680851e-02 0.00000000e+00 
7.31382979e-02 7.31382979e-02 0.00000000e+00 
7.18085106e-02 7.18085106e-02 0.00000000e+00 
7.04787234e-02 7.04787234e-02 0.00000000e+00 
6.91489362e-02 6.91489362e-02 0.00000000e+00 
6.78191489e-02 6.78191489e-02 0.00000000e+00 
6.64893617e-02 6.64893617e-02 0.00000000e+00 
6.51595745e-02 6.51595745e-02 0.00000000e+00 
6.38297872e-02 6.38297872e-02 0.00000000e+00 
6.25000000e-02 6.25000000e-02 0.00000000e+00 
6.11702128e-02 6.11702128e-02 0.00000000e+00 
5.98404255e-02 5.98404255e-02 0.00000000e+00 
5.85106383e-02 5.85106383e-02 0.00000000e+00 
5.71808511e-02 5.71808511e-02 0.00000000e+00 
5.58510638e-02 5.58510638e-02 0.00000000e+00 
5.45212766e-02 5.45212766e-02 0.00000000e+00 
5.31914894e-02 5.31914894e-02 0.00000000e+00 
5.18617021e-02 5.18617021e-02 0.00000000e+00 
5.05319149e-02 5.05319149e-02 0.00000000e+00 
4.92021277e-02 4.92021277e-02 0.00000000e+00 
4.78723404e-02 4.78723404e-02 0.00000000e+00 
4.65425532e-02 4.65425532e-02 0.00000000e+00 
4.52127660e-02 4.52127660e-02 0.00000000e+00 
4.38829787e-02 4.38829787e-02 0.00000000e+00 
4.25531915e-02 4.25531915e-02 0.00000000e+00 
4.12234043e-02 4.12234043e-02 0.00000000e+00 
3.98936170e-02 3.98936170e-02 0.00000000e+00 
3.85638298e-02 3.85638298e-02 0.00000000e+00 
3.72340426e-02 3.72340426e-02 0.00000000e+00 
3.59042553e-02 3.59042553e-02 0.00000000e+00 
3.45744681e-02 3.45744681e-02 0.00000000e+00 
3.32446809e-02 3.32446809e-02 0.00000000e+00 
3.19148936e-02 3.19148936e-02 0.00000000e+00 
3.05851064e-02 3.05851064e-02 0.00000000e+00 
2.92553191e-02 2.92553191e-02 0.00000000e+00 
2.79255319e-02 2.79255319e-02 0.00000000e+00 
2.65957447e-02 2.65957447e-02 0.00000000e+00 
2.52659574e-02 2.52659574e-02 0.00000000e+00 
2.39361702e-02 2.39361702e-02 0.00000000e+00 
2.26063830e-02 2.26063830e-02 0.00000000e+00 
2.12765957e-02 2.12765957e-02 0.00000000e+00 
1.99468085e-02 1.99468085e-02 0.00000000e+00 
1.86170213e-02 1.86170213e-02 0.00000000e+00 
1.72872340e-02 1.72872340e-02 0.00000000e+00 
1.59574468e-02 1.59574468e-02 0.00000000e+00 
1.46276596e-02 1.46276596e-02 0.00000000e+00 
1.32978723e-02 1.32978723e-02 0.00000000e+00 
1.19680851e-02 1.19680851e-02 0.00000000e+00 
1.06382979e-02 1.06382979e-02 0.00000000e+00 
9.30851064e-03 9.30851064e-03 0.00000000e+00 
7.97872340e-03 7.97872340e-03 0.00000000e+00 
6.64893617e-03 6.64893617e-03 0.00000000e+00 
5.31914894e-03 5.31914894e-03 0.00000000e+00 
3.98936170e-03 3.98936170e-03 0.00000000e+00 
2.65957447e-03 2.65957447e-03 0.00000000e+00 
1.32978723e-03 1.32978723e-03 0.00000000e+00 
0.00000000e+00 0.00000000e+00 0.00000000e+00 G
8.86524823e-04 8.86524823e-04 8.86524823e-04 
1.77304965e-03 1.77304965e-03 1.77304965e-03 
2.65957447e-03 2.65957447e-03 2.65957447e-03 
3.54609929e-03 3.54609929e-03 3.54609929e-03 
4.43262411e-03 4.43262411e-03 4.43262411e-03 
5.31914894e-03 5.31914894e-03 5.31914894e-03 
6.20567376e-03 6.20567376e-03 6.20567376e-03 
7.09219858e-03 7.09219858e-03 7.09219858e-03 
7.97872340e-03 7.97872340e-03 7.97872340e-03 
8.86524823e-03 8.86524823e-03 8.86524823e-03 
9.75177305e-03 9.75177305e-03 9.75177305e-03 
1.06382979e-02 1.06382979e-02 1.06382979e-02 
1.15248227e-02 1.15248227e-02 1.15248227e-02 
1.24113475e-02 1.24113475e-02 1.24113475e-02 
1.32978723e-02 1.32978723e-02 1.32978723e-02 
1.41843972e-02 1.41843972e-02 1.41843972e-02 
1.50709220e-02 1.50709220e-02 1.50709220e-02 
1.59574468e-02 1.59574468e-02 1.59574468e-02 
1.68439716e-02 1.68439716e-02 1.68439716e-02 
1.77304965e-02 1.77304965e-02 1.77304965e-02 
1.86170213e-02 1.86170213e-02 1.86170213e-02 
1.95035461e-02 1.95035461e-02 1.95035461e-02 
2.03900709e-02 2.03900709e-02 2.03900709e-02 
2.12765957e-02 2.12765957e-02 2.12765957e-02 
2.21631206e-02 2.21631206e-02 2.21631206e-02 
2.30496454e-02 2.30496454e-02 2.30496454e-02 
2.39361702e-02 2.39361702e-02 2.39361702e-02 
2.48226950e-02 2.48226950e-02 2.48226950e-02 
2.57092199e-02 2.57092199e-02 2.57092199e-02 
2.65957447e-02 2.65957447e-02 2.65957447e-02 
2.74822695e-02 2.74822695e-02 2.74822695e-02 
2.83687943e-02 2.83687943e-02 2.83687943e-02 
2.92553191e-02 2.92553191e-02 2.92553191e-02 
3.01418440e-02 3.01418440e-02 3.01418440e-02 
3.10283688e-02 3.10283688e-02 3.10283688e-02 
3.19148936e-02 3.19148936e-02 3.19148936e-02 
3.28014184e-02 3.28014184e-02 3.28014184e-02 
3.36879433e-02 3.36879433e-02 3.36879433e-02 
3.45744681e-02 3.45744681e-02 3.45744681e-02 
3.54609929e-02 3.54609929e-02 3.54609929e-02 
3.63475177e-02 3.63475177e-02 3.63475177e-02 
3.72340426e-02 3.72340426e-02 3.72340426e-02 
3.81205674e-02 3.81205674e-02 3.81205674e-02 
3.90070922e-02 3.90070922e-02 3.90070922e-02 
3.98936170e-02 3.98936170e-02 3.98936170e-02 
4.07801418e-02 4.07801418e-02 4.07801418e-02 
4.16666667e-02 4.16666667e-02 4.16666667e-02 
4.25531915e-02 4.25531915e-02 4.25531915e-02 
4.34397163e-02 4.34397163e-02 4.34397163e-02 
4.43262411e-02 4.43262411e-02 4.43262411e-02 
4.52127660e-02 4.52127660e-02 4.52127660e-02 
4.60992908e-02 4.60992908e-02 4.60992908e-02 
4.69858156e-02 4.69858156e-02 4.69858156e-02 
4.78723404e-02 4.78723404e-02 4.78723404e-02 
4.87588652e-02 4.87588652e-02 4.87588652e-02 
4.96453901e-02 4.96453901e-02 4.96453901e-02 
5.05319149e-02 5.05319149e-02 5.05319149e-02 
5.14184397e-02 5.14184397e-02 5.14184397e-02 
5.23049645e-02 5.23049645e-02 5.23049645e-02 
5.31914894e-02 5.31914894e-02 5.31914894e-02 
5.40780142e-02 5.40780142e-02 5.40780142e-02 
5.49645390e-02 5.49645390e-02 5.49645390e-02 
5.58510638e-02 5.58510638e-02 5.58510638e-02 
5.67375887e-02 5.67375887e-02 5.67375887e-02 
5.76241135e-02 5.76241135e-02 5.76241135e-02 
5.85106383e-02 5.85106383e-02 5.85106383e-02 
5.93971631e-02 5.93971631e-02 5.93971631e-02 
6.02836879e-02 6.02836879e-02 6.02836879e-02 
6.11702128e-02 6.11702128e-02 6.11702128e-02 
6.20567376e-02 6.20567376e-02 6.20567376e-02 
6.29432624e-02 6.29432624e-02 6.29432624e-02 
6.38297872e-02 6.38297872e-02 6.38297872e-02 
6.47163121e-02 6.47163121e-02 6.47163121e-02 
6.56028369e-02 6.56028369e-02 6.56028369e-02 
6.64893617e-02 6.64893617e-02 6.64893617e-02 
6.73758865e-02 6.73758865e-02 6.73758865e-02 
6.82624113e-02 6.82624113e-02 6.82624113e-02 
6.91489362e-02 6.91489362e-02 6.91489362e-02 
7.00354610e-02 7.00354610e-02 7.00354610e-02 
7.09219858e-02 7.09219858e-02 7.09219858e-02 
7.18085106e-02 7.18085106e-02 7.18085106e-02 
7.26950355e-02 7.26950355e-02 7.26950355e-02 
7.35815603e-02 7.35815603e-02 7.35815603e-02 
7.44680851e-02 7.44680851e-02 7.44680851e-02 
7.53546099e-02 7.53546099e-02 7.53546099e-02 
7.62411348e-02 7.62411348e-02 7.62411348e-02 
7.71276596e-02 7.71276596e-02 7.71276596e-02 
7.80141844e-02 7.80141844e-02 7.80141844e-02 
7.89007092e-02 7.89007092e-02 7.89007092e-02 
7.97872340e-02 7.97872340e-02 7.97872340e-02 
8.06737589e-02 8.06737589e-02 8.06737589e-02 
8.15602837e-02 8.15602837e-02 8.15602837e-02 
8.24468085e-02 8.24468085e-02 8.24468085e-02 
8.33333333e-02 8.33333333e-02 8.33333333e-02 
8.42198582e-02 8.42198582e-02 8.42198582e-02 
8.51063830e-02 8.51063830e-02 8.51063830e-02 
8.59929078e-02 8.59929078e-02 8.59929078e-02 
8.68794326e-02 8.68794326e-02 8.68794326e-02 
8.77659574e-02 8.77659574e-02 8.77659574e-02 
8.86524823e-02 8.86524823e-02 8.86524823e-02 L
8.82092199e-02 8.95390071e-02 8.82092199e-02 
8.77659574e-02 9.04255319e-02 8.77659574e-02 
8.73226950e-02 9.13120567e-02 8.73226950e-02 
8.68794326e-02 9.21985816e-02 8.68794326e-02 
8.64361702e-02 9.30851064e-02 8.64361702e-02 
8.59929078e-02 9.39716312e-02 8.59929078e-02 
8.55496454e-02 9.48581560e-02 8.55496454e-02 
8.51063830e-02 9.57446809e-02 8.51063830e-02 
8.46631206e-02 9.66312057e-02 8.46631206e-02 
8.42198582e-02 9.75177305e-02 8.42198582e-02 
8.37765957e-02 9.84042553e-02 8.37765957e-02 
8.33333333e-02 9.92907801e-02 8.33333333e-02 
8.28900709e-02 1.00177305e-01 8.28900709e-02 
8.24468085e-02 1.01063830e-01 8.24468085e-02 
8.20035461e-02 1.01950355e-01 8.20035461e-02 
8.15602837e-02 1.02836879e-01 8.15602837e-02 
8.11170213e-02 1.03723404e-01 8.11170213e-02 
8.06737589e-02 1.04609929e-01 8.06737589e-02 
8.02304965e-02 1.05496454e-01 8.02304965e-02 
7.97872340e-02 1.06382979e-01 7.97872340e-02 
7.93439716e-02 1.07269504e-01 7.93439716e-02 
7.89007092e-02 1.08156028e-01 7.89007092e-02 
7.84574468e-02 1.09042553e-01 7.84574468e-02 
7.80141844e-02 1.09929078e-01 7.80141844e-02 
7.75709220e-02 1.10815603e-01 7.75709220e-02 
7.71276596e-02 1.11702128e-01 7.71276596e-02 
7.66843972e-02 1.12588652e-01 7.66843972e-02 
7.62411348e-02 1.13475177e-01 7.62411348e-02 
7.57978723e-02 1.14361702e-01 7.57978723e-02 
7.53546099e-02 1.15248227e-01 7.53546099e-02 
7.49113475e-02 1.16134752e-01 7.49113475e-02 
7.44680851e-02 1.17021277e-01 7.44680851e-02 
7.40248227e-02 1.17907801e-01 7.40248227e-02 
7.35815603e-02 1.18794326e-01 7.35815603e-02 
7.31382979e-02 1.19680851e-01 7.31382979e-02 
7.26950355e-02 1.20567376e-01 7.26950355e-02 
7.22517730e-02 1.21453901e-01 7.22517730e-02 
7.18085106e-02 1.22340426e-01 7.18085106e-02 
7.13652482e-02 1.23226950e-01 7.13652482e-02 
7.09219858e-02 1.24113475e-01 7.09219858e-02 
7.04787234e-02 1.25000000e-01 7.04787234e-02 
7.00354610e-02 1.25886525e-01 7.00354610e-02 
6.95921986e-02 1.26773050e-01 6.95921986e-02 
6.91489362e-02 1.27659574e-01 6.91489362e-02 
6.87056738e-02 1.28546099e-01 6.87056738e-02 
6.82624113e-02 1.29432624e-01 6.82624113e-02 
6.78191489e-02 1.30319149e-01 6.78191489e-02 
6.73758865e-02 1.31205674e-01 6.73758865e-02 
6.69326241e-02 1.32092199e-01 6.69326241e-02 
6.64893617e-02 1.32978723e-01 6.64893617e-02 
6.60460993e-02 1.33865248e-01 6.60460993e-02 
6.56028369e-02 1.34751773e-01 6.56028369e-02 
6.51595745e-02 1.35638298e-01 6.51595745e-02 
6.47163121e-02 1.36524823e-01 6.47163121e-02 
6.42730496e-02 1.37411348e-01 6.42730496e-02 
6.38297872e-02 1.38297872e-01 6.38297872e-02 
6.33865248e-02 1.39184397e-01 6.33865248e-02 
6.29432624e-02 1.40070922e-01 6.29432624e-02 
6.25000000e-02 1.40957447e-01 6.25000000e-02 
6.20567376e-02 1.41843972e-01 6.20567376e-02 
6.16134752e-02 1.42730496e-01 6.16134752e-02 
6.11702128e-02 1.43617021e-01 6.11702128e-02 
6.07269504e-02 1.44503546e-01 6.07269504e-02 
6.02836879e-02 1.45390071e-01 6.02836879e-02 
5.98404255e-02 1.46276596e-01 5.98404255e-02 
5.93971631e-02 1.47163121e-01 5.93971631e-02 
5.89539007e-02 1.48049645e-01 5.89539007e-02 
5.85106383e-02 1.48936170e-01 5.85106383e-02 
5.80673759e-02 1.49822695e-01 5.80673759e-02 
5.76241135e-02 1.50709220e-01 5.76241135e-02 
5.71808511e-02 1.51595745e-01 5.71808511e-02 
5.67375887e-02 1.52482270e-01 5.67375887e-02 
5.62943262e-02 1.53368794e-01 5.62943262e-02 
5.58510638e-02 1.54255319e-01 5.58510638e-02 
5.54078014e-02 1.55141844e-01 5.54078014e-02 
5.49645390e-02 1.56028369e-01 5.49645390e-02 
5.45212766e-02 1.56914894e-01 5.45212766e-02 
5.40780142e-02 1.57801418e-01 5.40780142e-02 
5.36347518e-02 1.58687943e-01 5.36347518e-02 
5.31914894e-02 1.59574468e-01 5.31914894e-02 
5.27482270e-02 1.60460993e-01 5.27482270e-02 
5.23049645e-02 1.61347518e-01 5.23049645e-02 
5.18617021e-02 1.62234043e-01 5.18617021e-02 
5.14184397e-02 1.63120567e-01 5.14184397e-02 
5.09751773e-02 1.64007092e-01 5.09751773e-02 
5.05319149e-02 1.64893617e-01 5.05319149e-02 
5.00886525e-02 1.65780142e-01 5.00886525e-02 
4.96453901e-02 1.66666667e-01 4.96453901e-02 
4.92021277e-02 1.67553191e-01 4.92021277e-02 
4.87588652e-02 1.68439716e-01 4.87588652e-02 
4.83156028e-02 1.69326241e-01 4.83156028e-02 
4.78723404e-02 1.70212766e-01 4.78723404e-02 
4.74290780e-02 1.71099291e-01 4.74290780e-02 
4.69858156e-02 1.71985816e-01 4.69858156e-02 
4.65425532e-02 1.72872340e-01 4.65425532e-02 
4.60992908e-02 1.73758865e-01 4.60992908e-02 
4.56560284e-02 1.74645390e-01 4.56560284e-02 
4.52127660e-02 1.75531915e-01 4.52127660e-02 
4.47695035e-02 1.76418440e-01 4.47695035e-02 
4.43262411e-02 1.77304965e-01 4.43262411e-02 U
