
# Band 0 
0 -5.051642e+00
1 -5.050429e+00
2 -5.046799e+00
3 -5.040776e+00
4 -5.032399e+00
5 -5.021721e+00
6 -5.008804e+00
7 -4.993715e+00
8 -4.976531e+00
9 -4.957329e+00
10 -4.936191e+00
11 -4.913201e+00
12 -4.888446e+00
13 -4.862015e+00
14 -4.834002e+00
15 -4.804502e+00
16 -4.773616e+00
17 -4.741446e+00
18 -4.708100e+00
19 -4.673691e+00
20 -4.638335e+00
21 -4.602154e+00
22 -4.565279e+00
23 -4.527853e+00
24 -4.490036e+00
25 -4.452023e+00
26 -4.414063e+00
27 -4.376511e+00
28 -4.339913e+00
29 -4.305167e+00
30 -4.273736e+00
31 -4.247648e+00
32 -4.228706e+00
33 -4.217342e+00
34 -4.212838e+00
35 -4.214376e+00
36 -4.221506e+00
37 -4.234109e+00
38 -4.252265e+00
39 -4.276161e+00
40 -4.306040e+00
41 -4.342155e+00
42 -4.384760e+00
43 -4.434085e+00
44 -4.490332e+00
45 -4.553667e+00
46 -4.624216e+00
47 -4.702056e+00
48 -4.787215e+00
49 -4.879652e+00
50 -4.979250e+00
51 -5.085794e+00
52 -5.198960e+00
53 -5.318313e+00
54 -5.443304e+00
55 -5.573301e+00
56 -5.707601e+00
57 -5.845473e+00
58 -5.986177e+00
59 -6.128996e+00
60 -6.273246e+00
61 -6.418293e+00
62 -6.563556e+00
63 -6.708508e+00
64 -6.852673e+00
65 -6.995627e+00
66 -7.136990e+00
67 -7.276423e+00
68 -7.413624e+00
69 -7.548321e+00
70 -7.680273e+00
71 -7.809264e+00
72 -7.935098e+00
73 -8.057601e+00
74 -8.176614e+00
75 -8.291996e+00
76 -8.403616e+00
77 -8.511359e+00
78 -8.615118e+00
79 -8.714796e+00
80 -8.810307e+00
81 -8.901571e+00
82 -8.988515e+00
83 -9.071074e+00
84 -9.149189e+00
85 -9.222804e+00
86 -9.291872e+00
87 -9.356348e+00
88 -9.416192e+00
89 -9.471369e+00
90 -9.521846e+00
91 -9.567597e+00
92 -9.608594e+00
93 -9.644818e+00
94 -9.676248e+00
95 -9.702870e+00
96 -9.724669e+00
97 -9.741634e+00
98 -9.753759e+00
99 -9.761036e+00
100 -9.763462e+00

# Band 1 
0 -4.564168e+00
1 -4.563551e+00
2 -4.561703e+00
3 -4.558627e+00
4 -4.554333e+00
5 -4.548830e+00
6 -4.542135e+00
7 -4.534267e+00
8 -4.525250e+00
9 -4.515112e+00
10 -4.503888e+00
11 -4.491618e+00
12 -4.478350e+00
13 -4.464139e+00
14 -4.449046e+00
15 -4.433143e+00
16 -4.416508e+00
17 -4.399231e+00
18 -4.381410e+00
19 -4.363153e+00
20 -4.344577e+00
21 -4.325808e+00
22 -4.306978e+00
23 -4.288221e+00
24 -4.269668e+00
25 -4.251431e+00
26 -4.233577e+00
27 -4.216088e+00
28 -4.198761e+00
29 -4.181058e+00
30 -4.161887e+00
31 -4.139600e+00
32 -4.112789e+00
33 -4.081419e+00
34 -4.046619e+00
35 -4.009616e+00
36 -3.971274e+00
37 -3.932128e+00
38 -3.892508e+00
39 -3.852627e+00
40 -3.812639e+00
41 -3.772667e+00
42 -3.732827e+00
43 -3.693237e+00
44 -3.654030e+00
45 -3.638973e+00
46 -3.652615e+00
47 -3.664363e+00
48 -3.674253e+00
49 -3.682328e+00
50 -3.688634e+00
51 -3.693218e+00
52 -3.696132e+00
53 -3.697429e+00
54 -3.697166e+00
55 -3.695402e+00
56 -3.692200e+00
57 -3.687622e+00
58 -3.681735e+00
59 -3.674608e+00
60 -3.666309e+00
61 -3.656911e+00
62 -3.646485e+00
63 -3.635106e+00
64 -3.622847e+00
65 -3.609784e+00
66 -3.595992e+00
67 -3.581545e+00
68 -3.566520e+00
69 -3.550991e+00
70 -3.535034e+00
71 -3.518721e+00
72 -3.502127e+00
73 -3.485324e+00
74 -3.468385e+00
75 -3.451381e+00
76 -3.434381e+00
77 -3.417454e+00
78 -3.400669e+00
79 -3.384093e+00
80 -3.367790e+00
81 -3.351825e+00
82 -3.336259e+00
83 -3.321154e+00
84 -3.306568e+00
85 -3.292557e+00
86 -3.279177e+00
87 -3.266478e+00
88 -3.254510e+00
89 -3.243320e+00
90 -3.232951e+00
91 -3.223444e+00
92 -3.214837e+00
93 -3.207162e+00
94 -3.200452e+00
95 -3.194734e+00
96 -3.190035e+00
97 -3.186385e+00
98 -3.183835e+00
99 -3.182500e+00
100 -3.182238e+00

# Band 2 
0 -1.741580e+00
1 -1.742503e+00
2 -1.745266e+00
3 -1.749855e+00
4 -1.756247e+00
5 -1.764408e+00
6 -1.774298e+00
7 -1.785866e+00
8 -1.828982e+00
9 -1.891117e+00
10 -1.956013e+00
11 -2.022921e+00
12 -2.091191e+00
13 -2.160271e+00
14 -2.229690e+00
15 -2.299049e+00
16 -2.368011e+00
17 -2.436291e+00
18 -2.503650e+00
19 -2.569883e+00
20 -2.634819e+00
21 -2.698311e+00
22 -2.760238e+00
23 -2.820493e+00
24 -2.878989e+00
25 -2.935652e+00
26 -2.990418e+00
27 -3.043235e+00
28 -3.094059e+00
29 -3.142855e+00
30 -3.189592e+00
31 -3.234250e+00
32 -3.276809e+00
33 -3.317257e+00
34 -3.355587e+00
35 -3.391795e+00
36 -3.425882e+00
37 -3.457850e+00
38 -3.487709e+00
39 -3.515469e+00
40 -3.541144e+00
41 -3.564751e+00
42 -3.586312e+00
43 -3.605850e+00
44 -3.623391e+00
45 -3.615344e+00
46 -3.577359e+00
47 -3.540242e+00
48 -3.504169e+00
49 -3.469300e+00
50 -3.435761e+00
51 -3.403633e+00
52 -3.372947e+00
53 -3.343683e+00
54 -3.315782e+00
55 -3.289164e+00
56 -3.263739e+00
57 -3.239427e+00
58 -3.216162e+00
59 -3.193901e+00
60 -3.172622e+00
61 -3.152327e+00
62 -3.133033e+00
63 -3.114775e+00
64 -3.097601e+00
65 -3.081570e+00
66 -3.066746e+00
67 -3.053201e+00
68 -3.041012e+00
69 -3.030256e+00
70 -3.021009e+00
71 -3.013344e+00
72 -3.007327e+00
73 -3.003012e+00
74 -3.000435e+00
75 -2.999612e+00
76 -3.000531e+00
77 -3.003151e+00
78 -3.007395e+00
79 -3.013154e+00
80 -3.020290e+00
81 -3.028633e+00
82 -3.043339e+00
83 -3.057708e+00
84 -3.071345e+00
85 -3.084234e+00
86 -3.096361e+00
87 -3.107713e+00
88 -3.118275e+00
89 -3.128037e+00
90 -3.136987e+00
91 -3.145116e+00
92 -3.152413e+00
93 -3.158872e+00
94 -3.164484e+00
95 -3.169243e+00
96 -3.173145e+00
97 -3.176184e+00
98 -3.178357e+00
99 -3.179768e+00
100 -3.180097e+00

# Band 3 
0 -1.547410e+00
1 -1.552583e+00
2 -1.567916e+00
3 -1.592873e+00
4 -1.626641e+00
5 -1.668224e+00
6 -1.716531e+00
7 -1.770466e+00
8 -1.799054e+00
9 -1.813797e+00
10 -1.830024e+00
11 -1.847656e+00
12 -1.866610e+00
13 -1.886799e+00
14 -1.908131e+00
15 -1.930510e+00
16 -1.953838e+00
17 -1.978018e+00
18 -2.002946e+00
19 -2.028522e+00
20 -2.054644e+00
21 -2.081209e+00
22 -2.108119e+00
23 -2.135272e+00
24 -2.162572e+00
25 -2.189923e+00
26 -2.217230e+00
27 -2.244404e+00
28 -2.271356e+00
29 -2.298002e+00
30 -2.324260e+00
31 -2.350053e+00
32 -2.375305e+00
33 -2.399947e+00
34 -2.423911e+00
35 -2.447135e+00
36 -2.469562e+00
37 -2.491135e+00
38 -2.511805e+00
39 -2.531527e+00
40 -2.550258e+00
41 -2.567961e+00
42 -2.584603e+00
43 -2.600156e+00
44 -2.614596e+00
45 -2.627901e+00
46 -2.640056e+00
47 -2.651049e+00
48 -2.660873e+00
49 -2.669524e+00
50 -2.677001e+00
51 -2.683310e+00
52 -2.688458e+00
53 -2.692457e+00
54 -2.695321e+00
55 -2.697070e+00
56 -2.697724e+00
57 -2.697310e+00
58 -2.695855e+00
59 -2.693391e+00
60 -2.689951e+00
61 -2.685572e+00
62 -2.680293e+00
63 -2.674158e+00
64 -2.681522e+00
65 -2.705604e+00
66 -2.729353e+00
67 -2.752738e+00
68 -2.775734e+00
69 -2.798316e+00
70 -2.820457e+00
71 -2.842133e+00
72 -2.863321e+00
73 -2.883995e+00
74 -2.904132e+00
75 -2.923711e+00
76 -2.942708e+00
77 -2.961103e+00
78 -2.978875e+00
79 -2.996003e+00
80 -3.012469e+00
81 -3.028253e+00
82 -3.037998e+00
83 -3.048181e+00
84 -3.058975e+00
85 -3.070171e+00
86 -3.081567e+00
87 -3.092970e+00
88 -3.104200e+00
89 -3.115092e+00
90 -3.125498e+00
91 -3.135283e+00
92 -3.144331e+00
93 -3.152538e+00
94 -3.159817e+00
95 -3.166091e+00
96 -3.171295e+00
97 -3.175368e+00
98 -3.178236e+00
99 -3.179662e+00
100 -3.180097e+00

# Band 4 
0 -1.545793e+00
1 -1.546150e+00
2 -1.547223e+00
3 -1.549010e+00
4 -1.551510e+00
5 -1.554723e+00
6 -1.558647e+00
7 -1.563280e+00
8 -1.568620e+00
9 -1.574664e+00
10 -1.581408e+00
11 -1.588850e+00
12 -1.596986e+00
13 -1.605812e+00
14 -1.615321e+00
15 -1.625510e+00
16 -1.636372e+00
17 -1.647902e+00
18 -1.660091e+00
19 -1.672933e+00
20 -1.686420e+00
21 -1.700544e+00
22 -1.715294e+00
23 -1.730661e+00
24 -1.746635e+00
25 -1.763204e+00
26 -1.780357e+00
27 -1.798081e+00
28 -1.816363e+00
29 -1.835188e+00
30 -1.854543e+00
31 -1.874412e+00
32 -1.894779e+00
33 -1.915628e+00
34 -1.936940e+00
35 -1.958698e+00
36 -1.980883e+00
37 -2.003476e+00
38 -2.026456e+00
39 -2.049802e+00
40 -2.073494e+00
41 -2.097509e+00
42 -2.121825e+00
43 -2.146418e+00
44 -2.171264e+00
45 -2.196340e+00
46 -2.221621e+00
47 -2.247082e+00
48 -2.272696e+00
49 -2.298439e+00
50 -2.324283e+00
51 -2.350203e+00
52 -2.376170e+00
53 -2.402159e+00
54 -2.428141e+00
55 -2.454089e+00
56 -2.479976e+00
57 -2.505773e+00
58 -2.531453e+00
59 -2.556988e+00
60 -2.582350e+00
61 -2.607511e+00
62 -2.632444e+00
63 -2.657120e+00
64 -2.667199e+00
65 -2.659481e+00
66 -2.651040e+00
67 -2.641929e+00
68 -2.632199e+00
69 -2.621903e+00
70 -2.611097e+00
71 -2.599837e+00
72 -2.588179e+00
73 -2.576184e+00
74 -2.563909e+00
75 -2.551416e+00
76 -2.538765e+00
77 -2.526017e+00
78 -2.513235e+00
79 -2.500478e+00
80 -2.487810e+00
81 -2.475290e+00
82 -2.462980e+00
83 -2.450938e+00
84 -2.439224e+00
85 -2.427894e+00
86 -2.417004e+00
87 -2.406607e+00
88 -2.396755e+00
89 -2.387496e+00
90 -2.378877e+00
91 -2.370942e+00
92 -2.363729e+00
93 -2.357276e+00
94 -2.351615e+00
95 -2.346775e+00
96 -2.342781e+00
97 -2.339653e+00
98 -2.337407e+00
99 -2.336054e+00
100 -2.335603e+00

# Band 5 
0 1.193355e+00
1 1.201444e+00
2 1.225524e+00
3 1.265060e+00
4 1.319241e+00
5 1.387068e+00
6 1.467455e+00
7 1.559304e+00
8 1.661571e+00
9 1.773295e+00
10 1.893622e+00
11 2.021803e+00
12 2.157194e+00
13 2.299246e+00
14 2.447491e+00
15 2.601538e+00
16 2.761056e+00
17 2.925768e+00
18 3.095443e+00
19 3.269888e+00
20 3.448943e+00
21 3.632477e+00
22 3.820383e+00
23 4.012574e+00
24 4.208983e+00
25 4.409560e+00
26 4.614268e+00
27 4.823085e+00
28 4.966207e+00
29 4.643510e+00
30 4.327157e+00
31 4.017395e+00
32 3.714467e+00
33 3.418621e+00
34 3.130108e+00
35 2.849180e+00
36 2.576097e+00
37 2.311115e+00
38 2.054487e+00
39 1.806454e+00
40 1.567235e+00
41 1.337021e+00
42 1.115963e+00
43 9.041597e-01
44 7.016540e-01
45 5.084272e-01
46 3.244020e-01
47 1.494508e-01
48 -1.659232e-02
49 -1.739168e-01
50 -3.227250e-01
51 -4.632272e-01
52 -5.956459e-01
53 -7.202252e-01
54 -8.372428e-01
55 -9.470179e-01
56 -1.049912e+00
57 -1.146324e+00
58 -1.236674e+00
59 -1.321391e+00
60 -1.400897e+00
61 -1.475590e+00
62 -1.545839e+00
63 -1.611974e+00
64 -1.674282e+00
65 -1.733006e+00
66 -1.788350e+00
67 -1.840476e+00
68 -1.889510e+00
69 -1.935544e+00
70 -1.978647e+00
71 -2.018864e+00
72 -2.056226e+00
73 -2.090756e+00
74 -2.122477e+00
75 -2.151419e+00
76 -2.177626e+00
77 -2.201161e+00
78 -2.222112e+00
79 -2.240593e+00
80 -2.256741e+00
81 -2.270715e+00
82 -2.282694e+00
83 -2.292862e+00
84 -2.301410e+00
85 -2.308528e+00
86 -2.314397e+00
87 -2.319187e+00
88 -2.323058e+00
89 -2.326152e+00
90 -2.328596e+00
91 -2.330504e+00
92 -2.331974e+00
93 -2.333089e+00
94 -2.333922e+00
95 -2.334531e+00
96 -2.334967e+00
97 -2.335266e+00
98 -2.335460e+00
99 -2.335568e+00
100 -2.335603e+00
