0 -3.08057055e+00 1.66348644e+01 1.66349674e+01 1.66349674e+01 G-H
1 -3.07981443e+00 1.66288190e+01 1.66288881e+01 1.66339839e+01 
2 -3.07754511e+00 1.66105667e+01 1.66106354e+01 1.66311204e+01 
3 -3.07375978e+00 1.65800986e+01 1.65801671e+01 1.66263014e+01 
4 -3.06845389e+00 1.65373496e+01 1.65374179e+01 1.66194589e+01 
5 -3.06162127e+00 1.64822399e+01 1.64823080e+01 1.66105029e+01 
6 -3.05325441e+00 1.64146853e+01 1.64147532e+01 1.65993256e+01 
7 -3.04334465e+00 1.63346100e+01 1.63346776e+01 1.65858069e+01 
8 -3.03188251e+00 1.62419610e+01 1.62420284e+01 1.65698202e+01 
9 -3.01885795e+00 1.61367237e+01 1.61367908e+01 1.65512378e+01 
10 -3.00426063e+00 1.60189361e+01 1.60190031e+01 1.65299370e+01 
11 -2.98808018e+00 1.58887045e+01 1.58887713e+01 1.65058051e+01 
12 -2.97030642e+00 1.57462157e+01 1.57462824e+01 1.64787438e+01 
13 -2.95092955e+00 1.55917477e+01 1.55918144e+01 1.64486734e+01 
14 -2.92994030e+00 1.54256778e+01 1.54257445e+01 1.64155354e+01 
15 -2.90733006e+00 1.52484863e+01 1.52485532e+01 1.63792943e+01 
16 -2.88309092e+00 1.50607574e+01 1.50608245e+01 1.63399395e+01 
17 -2.85721575e+00 1.48631757e+01 1.48632431e+01 1.62974851e+01 
18 -2.82969817e+00 1.46565187e+01 1.46565866e+01 1.62519700e+01 
19 -2.80053262e+00 1.44416470e+01 1.44417155e+01 1.62034568e+01 
20 -2.76971423e+00 1.42194902e+01 1.42195594e+01 1.61520308e+01 
21 -2.73723885e+00 1.39910318e+01 1.39911019e+01 1.60977984e+01 
22 -2.70310296e+00 1.37572917e+01 1.37573628e+01 1.60408851e+01 
23 -2.66730363e+00 1.35193088e+01 1.35193811e+01 1.59814337e+01 
24 -2.62983844e+00 1.32781233e+01 1.32781968e+01 1.59196020e+01 
25 -2.59070541e+00 1.30347595e+01 1.30348344e+01 1.58555610e+01 
26 -2.54990297e+00 1.27902111e+01 1.27902875e+01 1.57894927e+01 
27 -2.50742984e+00 1.25454270e+01 1.25455050e+01 1.57215886e+01 
28 -2.46328504e+00 1.23013005e+01 1.23013802e+01 1.56520472e+01 
29 -2.41746777e+00 1.20586599e+01 1.20587414e+01 1.55810731e+01 
30 -2.36997741e+00 1.18182624e+01 1.18183457e+01 1.55088750e+01 
31 -2.32081346e+00 1.15807896e+01 1.15808749e+01 1.54356647e+01 
32 -2.26997548e+00 1.13468455e+01 1.13469328e+01 1.53616557e+01 
33 -2.21746309e+00 1.11169565e+01 1.11170458e+01 1.52870620e+01 
34 -2.16327589e+00 1.08915729e+01 1.08916643e+01 1.52120978e+01 
35 -2.10741348e+00 1.06710718e+01 1.06711652e+01 1.51369761e+01 
36 -2.04987540e+00 1.04557608e+01 1.04558564e+01 1.50619084e+01 
37 -1.99066113e+00 1.02458834e+01 1.02459811e+01 1.49871042e+01 
38 -1.92977005e+00 1.00416235e+01 1.00417234e+01 1.49127705e+01 
39 -1.86720140e+00 9.84311152e+00 9.84321346e+00 1.48391114e+01 
40 -1.80295432e+00 9.65042966e+00 9.65053370e+00 1.47663282e+01 
41 -1.73702779e+00 9.46361776e+00 9.46372389e+00 1.46946187e+01 
42 -1.66942058e+00 9.28267859e+00 9.28278679e+00 1.46241778e+01 
43 -1.60013127e+00 9.10758301e+00 9.10769325e+00 1.45551968e+01 
44 -1.52915826e+00 8.93827488e+00 8.93838714e+00 1.44878639e+01 
45 -1.45649960e+00 8.77467521e+00 8.77478944e+00 1.44223636e+01 
46 -1.38215310e+00 8.61668656e+00 8.61680273e+00 1.43588776e+01 
47 -1.30611627e+00 8.46419651e+00 8.46431459e+00 1.42975841e+01 
48 -1.22838611e+00 8.31708069e+00 8.31720062e+00 1.42386583e+01 
49 -1.14895928e+00 8.17520605e+00 8.17532780e+00 1.41822721e+01 
50 -1.06783181e+00 8.03843290e+00 8.03855643e+00 1.41285944e+01 
51 -9.84999222e-01 7.90661750e+00 7.90674274e+00 1.40777910e+01 
52 -9.00456154e-01 7.77961344e+00 7.77974036e+00 1.40300243e+01 
53 -8.14196500e-01 7.65727363e+00 7.65740219e+00 1.39854537e+01 
54 -7.26213124e-01 7.53945141e+00 7.53958155e+00 1.39442345e+01 
55 -6.36497565e-01 7.42600150e+00 7.42613319e+00 1.39065183e+01 
56 -5.45040078e-01 7.31678125e+00 7.31691443e+00 1.38724523e+01 
57 -4.51829064e-01 7.21165095e+00 7.21178557e+00 1.38421784e+01 
58 -3.56851040e-01 7.11047474e+00 7.11061076e+00 1.38158329e+01 
59 -2.60090162e-01 7.01312089e+00 7.01325826e+00 1.37935448e+01 
60 -1.61527691e-01 6.91946204e+00 6.91960071e+00 1.37754353e+01 
61 -6.11418094e-02 6.82937567e+00 6.82951560e+00 1.37616155e+01 
62 4.10932555e-02 6.74274397e+00 6.74288512e+00 1.37521850e+01 
63 1.45207537e-01 6.65945421e+00 6.65959653e+00 1.37472297e+01 
64 2.51236134e-01 6.57939860e+00 6.57954205e+00 1.37468189e+01 
65 3.59220096e-01 6.50247423e+00 6.50261877e+00 1.37510025e+01 
66 4.69206918e-01 6.42858321e+00 6.42872880e+00 1.37598076e+01 
67 5.81251777e-01 6.35763238e+00 6.35777897e+00 1.37732341e+01 
68 6.95418110e-01 6.28953335e+00 6.28968091e+00 1.37912507e+01 
69 8.11778678e-01 6.22420238e+00 6.22435086e+00 1.38137898e+01 
70 9.30416611e-01 6.16156006e+00 6.16170944e+00 1.38407419e+01 
71 1.05142588e+00 6.10153146e+00 6.10168169e+00 1.38719497e+01 
72 1.17491239e+00 6.04404566e+00 6.04419670e+00 1.39072019e+01 
73 1.30099403e+00 5.98903586e+00 5.98918769e+00 1.39462265e+01 
74 1.42980092e+00 5.93643911e+00 5.93659168e+00 1.39886842e+01 
75 1.56147513e+00 5.88619606e+00 5.88634934e+00 1.40341622e+01 
76 1.69616907e+00 5.83825101e+00 5.83840498e+00 1.40821674e+01 
77 1.83404388e+00 5.79255158e+00 5.79270618e+00 1.41321223e+01 
78 1.97526551e+00 5.74904865e+00 5.74920387e+00 1.41833606e+01 
79 2.11999986e+00 5.70769622e+00 5.70785202e+00 1.42351261e+01 
80 2.26840579e+00 5.66845119e+00 5.66860754e+00 1.42865742e+01 
81 2.42062486e+00 5.63127334e+00 5.63143022e+00 1.43367766e+01 
82 2.57676885e+00 5.59612510e+00 5.59628247e+00 1.43847325e+01 
83 2.73690250e+00 5.56297151e+00 5.56312935e+00 1.44293845e+01 
84 2.90102226e+00 5.53178006e+00 5.53193834e+00 1.44696423e+01 
85 3.06903004e+00 5.50252057e+00 5.50267926e+00 1.45044156e+01 
86 3.24070048e+00 5.47516515e+00 5.47532422e+00 1.45326557e+01 
87 3.41564335e+00 5.44968803e+00 5.44984745e+00 1.45534071e+01 
88 3.59325907e+00 5.42606551e+00 5.42622526e+00 1.45658702e+01 
89 3.77269027e+00 5.40427591e+00 5.40443596e+00 1.45694710e+01 
90 3.95277049e+00 5.38429940e+00 5.38445973e+00 1.45639385e+01 
91 4.13197320e+00 5.36611804e+00 5.36627861e+00 1.45493823e+01 
92 4.30836878e+00 5.34971561e+00 5.34987641e+00 1.45263649e+01 
93 4.47959552e+00 5.33507765e+00 5.33523866e+00 1.44959578e+01 
94 4.64285769e+00 5.32219136e+00 5.32235253e+00 1.44597686e+01 
95 4.79496317e+00 5.31104551e+00 5.31120683e+00 1.44199250e+01 
96 4.93241367e+00 5.30163050e+00 5.30179194e+00 1.43789985e+01 
97 5.05155958e+00 5.29393823e+00 5.29409977e+00 1.43398600e+01 
98 5.14881982e+00 5.28796216e+00 5.28812374e+00 1.43054617e+01 
99 5.22095583e+00 5.28369724e+00 5.28385876e+00 1.42785622e+01 
100 5.26536766e+00 5.28114029e+00 5.28130122e+00 1.42614242e+01 
101 5.28020629e+00 5.28044895e+00 5.28044895e+00 1.42555380e+01 H-N
102 5.27600647e+00 5.27763478e+00 5.28079692e+00 1.42584997e+01 
103 5.26322546e+00 5.26921725e+00 5.28207341e+00 1.42673439e+01 
104 5.24208877e+00 5.25527061e+00 5.28420446e+00 1.42819481e+01 
105 5.21284429e+00 5.23591634e+00 5.28718946e+00 1.43021114e+01 
106 5.17582658e+00 5.21131981e+00 5.29102940e+00 1.43275583e+01 
107 5.13144801e+00 5.18168598e+00 5.29572568e+00 1.43579453e+01 
108 5.08018696e+00 5.14725421e+00 5.30128011e+00 1.43928671e+01 
109 5.02257488e+00 5.10829265e+00 5.30769482e+00 1.44318651e+01 
110 4.95918255e+00 5.06509225e+00 5.31497228e+00 1.44744354e+01 
111 4.89060635e+00 5.01796083e+00 5.32311532e+00 1.45200380e+01 
112 4.81745521e+00 4.96721736e+00 5.33212711e+00 1.45681056e+01 
113 4.74033828e+00 4.91318653e+00 5.34201118e+00 1.46180523e+01 
114 4.65985430e+00 4.85619399e+00 5.35277144e+00 1.46692823e+01 
115 4.57658221e+00 4.79656203e+00 5.36441214e+00 1.47211972e+01 
116 4.49107361e+00 4.73460601e+00 5.37693792e+00 1.47732045e+01 
117 4.40384689e+00 4.67063134e+00 5.39035382e+00 1.48247234e+01 
118 4.31538284e+00 4.60493104e+00 5.40466527e+00 1.48751918e+01 
119 4.22612217e+00 4.53778408e+00 5.41987812e+00 1.49240714e+01 
120 4.13646393e+00 4.46945399e+00 5.43599862e+00 1.49708526e+01 
121 4.04676533e+00 4.40018803e+00 5.45303349e+00 1.50150587e+01 
122 3.95734253e+00 4.33021679e+00 5.47098986e+00 1.50562498e+01 
123 3.86847194e+00 4.25975392e+00 5.48987537e+00 1.50940251e+01 
124 3.78039255e+00 4.18899647e+00 5.50969811e+00 1.51280257e+01 
125 3.69330818e+00 4.11812508e+00 5.53046668e+00 1.51579360e+01 
126 3.60739030e+00 4.04730454e+00 5.55219022e+00 1.51834846e+01 
127 3.52278090e+00 3.97668444e+00 5.57487839e+00 1.52044454e+01 
128 3.43959527e+00 3.90639979e+00 5.59854143e+00 1.52206369e+01 
129 3.35792504e+00 3.83657194e+00 5.62319016e+00 1.52319219e+01 
130 3.27784081e+00 3.76730930e+00 5.64883603e+00 1.52382068e+01 
131 3.19939480e+00 3.69870818e+00 5.67549113e+00 1.52394394e+01 
132 3.12262333e+00 3.63085366e+00 5.70316820e+00 1.52356078e+01 
133 3.04754888e+00 3.56382028e+00 5.73188074e+00 1.52267375e+01 
134 2.97418240e+00 3.49767303e+00 5.76164295e+00 1.52128898e+01 
135 2.90252497e+00 3.43246798e+00 5.79246979e+00 1.51941579e+01 
136 2.83256953e+00 3.36825307e+00 5.82437707e+00 1.51706651e+01 
137 2.76430231e+00 3.30506884e+00 5.85738141e+00 1.51425611e+01 
138 2.69770405e+00 3.24294899e+00 5.89150036e+00 1.51100190e+01 
139 2.63275128e+00 3.18192116e+00 5.92675238e+00 1.50732322e+01 
140 2.56941716e+00 3.12200748e+00 5.96315689e+00 1.50324116e+01 
141 2.50767237e+00 3.06322507e+00 6.00073434e+00 1.49877819e+01 
142 2.44748583e+00 3.00558665e+00 6.03950624e+00 1.49395791e+01 
143 2.38882523e+00 2.94910092e+00 6.07949522e+00 1.48880478e+01 
144 2.33165765e+00 2.89377315e+00 6.12072504e+00 1.48334381e+01 
145 2.27594992e+00 2.83960548e+00 6.16322066e+00 1.47760036e+01 
146 2.22166898e+00 2.78659740e+00 6.20700827e+00 1.47159988e+01 
147 2.16878219e+00 2.73474606e+00 6.25211533e+00 1.46536774e+01 
148 2.11725746e+00 2.68404653e+00 6.29857063e+00 1.45892900e+01 
149 2.06706358e+00 2.63449227e+00 6.34640428e+00 1.45230830e+01 
150 2.01817026e+00 2.58607527e+00 6.39564773e+00 1.44552970e+01 
151 1.97054827e+00 2.53878634e+00 6.44633381e+00 1.43861656e+01 
152 1.92416950e+00 2.49261536e+00 6.49849670e+00 1.43159144e+01 
153 1.87900699e+00 2.44755140e+00 6.55217197e+00 1.42447602e+01 
154 1.83503504e+00 2.40358301e+00 6.60739647e+00 1.41729106e+01 
155 1.79222912e+00 2.36069835e+00 6.66420830e+00 1.41005636e+01 
156 1.75056595e+00 2.31888530e+00 6.72264675e+00 1.40279069e+01 
157 1.71002346e+00 2.27813163e+00 6.78275211e+00 1.39551180e+01 
158 1.67058071e+00 2.23842506e+00 6.84456567e+00 1.38823644e+01 
159 1.63221798e+00 2.19975342e+00 6.90812932e+00 1.38098033e+01 
160 1.59491663e+00 2.16210473e+00 6.97348539e+00 1.37375820e+01 
161 1.55865912e+00 2.12546722e+00 7.04067635e+00 1.36658382e+01 
162 1.52342896e+00 2.08982945e+00 7.10974433e+00 1.35947000e+01 
163 1.48921059e+00 2.05518029e+00 7.18073079e+00 1.35242865e+01 
164 1.45598949e+00 2.02150906e+00 7.25367572e+00 1.34547084e+01 
165 1.42375199e+00 1.98880547e+00 7.32861712e+00 1.33860681e+01 
166 1.39248530e+00 1.95705971e+00 7.40559011e+00 1.33184601e+01 
167 1.36217747e+00 1.92626244e+00 7.48462592e+00 1.32519720e+01 
168 1.33281725e+00 1.89640476e+00 7.56575093e+00 1.31866844e+01 
169 1.30439419e+00 1.86747829e+00 7.64898512e+00 1.31226718e+01 
170 1.27689850e+00 1.83947516e+00 7.73434070e+00 1.30600029e+01 
171 1.25032106e+00 1.81238795e+00 7.82182040e+00 1.29987409e+01 
172 1.22465334e+00 1.78620974e+00 7.91141541e+00 1.29389445e+01 
173 1.19988738e+00 1.76093407e+00 8.00310337e+00 1.28806677e+01 
174 1.17601577e+00 1.73655493e+00 8.09684570e+00 1.28239605e+01 
175 1.15303161e+00 1.71306679e+00 8.19258503e+00 1.27688694e+01 
176 1.13092848e+00 1.69046450e+00 8.29024221e+00 1.27154377e+01 
177 1.10970041e+00 1.66874335e+00 8.38971310e+00 1.26637057e+01 
178 1.08934181e+00 1.64789901e+00 8.49086534e+00 1.26137110e+01 
179 1.06984753e+00 1.62792750e+00 8.59353458e+00 1.25654891e+01 
180 1.05121276e+00 1.60882522e+00 8.69752099e+00 1.25190731e+01 
181 1.03343307e+00 1.59058890e+00 8.80258567e+00 1.24744945e+01 
182 1.01650433e+00 1.57321555e+00 8.90844710e+00 1.24317831e+01 
183 1.00042269e+00 1.55670249e+00 9.01477811e+00 1.23909671e+01 
184 9.85184651e-01 1.54104730e+00 9.12120288e+00 1.23520733e+01 
185 9.70786933e-01 1.52624782e+00 9.22729507e+00 1.23151273e+01 
186 9.57226533e-01 1.51230210e+00 9.33257661e+00 1.22801533e+01 
187 9.44500688e-01 1.49920843e+00 9.43651763e+00 1.22471746e+01 
188 9.32606851e-01 1.48696527e+00 9.53853799e+00 1.22162131e+01 
189 9.21542709e-01 1.47557127e+00 9.63801015e+00 1.21872898e+01 
190 9.11306133e-01 1.46502523e+00 9.73426435e+00 1.21604245e+01 
191 9.01895204e-01 1.45532612e+00 9.82659544e+00 1.21356358e+01 
192 8.93308186e-01 1.44647304e+00 9.91427208e+00 1.21129411e+01 
193 8.85543511e-01 1.43846517e+00 9.99654827e+00 1.20923566e+01 
194 8.78599792e-01 1.43130187e+00 1.00726764e+01 1.20738973e+01 
195 8.72475796e-01 1.42498254e+00 1.01419225e+01 1.20575766e+01 
196 8.67170454e-01 1.41950670e+00 1.02035829e+01 1.20434068e+01 
197 8.62682850e-01 1.41487394e+00 1.02570010e+01 1.20313985e+01 
198 8.59012211e-01 1.41108393e+00 1.03015847e+01 1.20215608e+01 
199 8.56157912e-01 1.40813640e+00 1.03368232e+01 1.20139014e+01 
200 8.54119470e-01 1.40603117e+00 1.03623015e+01 1.20084261e+01 
201 8.52896542e-01 1.40476808e+00 1.03777138e+01 1.20051392e+01 
202 8.52488923e-01 1.40434706e+00 1.03828723e+01 1.20040433e+01 N-G
203 8.39632951e-01 1.41835272e+00 1.03837277e+01 1.20050220e+01 
204 8.04354023e-01 1.45708199e+00 1.03862941e+01 1.20079579e+01 
205 7.53447979e-01 1.51374291e+00 1.03905716e+01 1.20128502e+01 
206 6.92923502e-01 1.58233327e+00 1.03965606e+01 1.20196976e+01 
207 6.26762267e-01 1.65888048e+00 1.04042616e+01 1.20284980e+01 
208 5.57366061e-01 1.74099448e+00 1.04136752e+01 1.20392489e+01 
209 4.86169469e-01 1.82725509e+00 1.04248022e+01 1.20519474e+01 
210 4.14048322e-01 1.91680358e+00 1.04376435e+01 1.20665896e+01 
211 3.41554542e-01 2.00910788e+00 1.04522001e+01 1.20831711e+01 
212 2.69047077e-01 2.10383175e+00 1.04684731e+01 1.21016869e+01 
213 1.96766603e-01 2.20076004e+00 1.04864637e+01 1.21221311e+01 
214 1.24878567e-01 2.29975579e+00 1.05061733e+01 1.21444972e+01 
215 5.34992656e-02 2.40073417e+00 1.05276033e+01 1.21687778e+01 
216 -1.72879569e-02 2.50364636e+00 1.05507552e+01 1.21949644e+01 
217 -8.74226580e-02 2.60846970e+00 1.05756304e+01 1.22230480e+01 
218 -1.56860186e-01 2.71520044e+00 1.06022307e+01 1.22530184e+01 
219 -2.25567353e-01 2.82384966e+00 1.06305576e+01 1.22848641e+01 
220 -2.93519332e-01 2.93444022e+00 1.06606128e+01 1.23185729e+01 
221 -3.60697421e-01 3.04700459e+00 1.06923978e+01 1.23541310e+01 
222 -4.27087505e-01 3.16158342e+00 1.07259144e+01 1.23915236e+01 
223 -4.92678935e-01 3.27822447e+00 1.07611640e+01 1.24307344e+01 
224 -5.57463704e-01 3.39698189e+00 1.07981482e+01 1.24717457e+01 
225 -6.21435831e-01 3.51791569e+00 1.08368683e+01 1.25145383e+01 
226 -6.84590906e-01 3.64109128e+00 1.08773257e+01 1.25590911e+01 
227 -7.46925731e-01 3.76657924e+00 1.09195213e+01 1.26053817e+01 
228 -8.08438058e-01 3.89445505e+00 1.09634561e+01 1.26533857e+01 
229 -8.69126382e-01 4.02479887e+00 1.10091309e+01 1.27030766e+01 
230 -9.28989773e-01 4.15769543e+00 1.10565459e+01 1.27544261e+01 
231 -9.88027753e-01 4.29323378e+00 1.11057013e+01 1.28074039e+01 
232 -1.04624020e+00 4.43150718e+00 1.11565969e+01 1.28619772e+01 
233 -1.10362725e+00 4.57261286e+00 1.12092319e+01 1.29181112e+01 
234 -1.16018925e+00 4.71665182e+00 1.12636053e+01 1.29757685e+01 
235 -1.21592673e+00 4.86372850e+00 1.13197154e+01 1.30349094e+01 
236 -1.27084029e+00 5.01395053e+00 1.13775600e+01 1.30954914e+01 
237 -1.32493064e+00 5.16742823e+00 1.14371362e+01 1.31574695e+01 
238 -1.37819852e+00 5.32427422e+00 1.14984405e+01 1.32207960e+01 
239 -1.43064473e+00 5.48460278e+00 1.15614684e+01 1.32854204e+01 
240 -1.48227004e+00 5.64852923e+00 1.16262148e+01 1.33512892e+01 
241 -1.53307524e+00 5.81616909e+00 1.16926734e+01 1.34183462e+01 
242 -1.58306109e+00 5.98763716e+00 1.17608369e+01 1.34865319e+01 
243 -1.63222831e+00 6.16304646e+00 1.18306969e+01 1.35557843e+01 
244 -1.68057758e+00 6.34250700e+00 1.19022436e+01 1.36260379e+01 
245 -1.72810952e+00 6.52612432e+00 1.19754659e+01 1.36972245e+01 
246 -1.77482468e+00 6.71399795e+00 1.20503512e+01 1.37692729e+01 
247 -1.82072356e+00 6.90621957e+00 1.21268851e+01 1.38421086e+01 
248 -1.86580654e+00 7.10287100e+00 1.22050516e+01 1.39156545e+01 
249 -1.91007395e+00 7.30402202e+00 1.22848325e+01 1.39898305e+01 
250 -1.95352600e+00 7.50972785e+00 1.23662075e+01 1.40645539e+01 
251 -1.99616280e+00 7.72002654e+00 1.24491542e+01 1.41397390e+01 
252 -2.03798436e+00 7.93493607e+00 1.25336475e+01 1.42152978e+01 
253 -2.07899058e+00 8.15445127e+00 1.26196596e+01 1.42911398e+01 
254 -2.11918122e+00 8.37854056e+00 1.27071597e+01 1.43671724e+01 
255 -2.15855595e+00 8.60714258e+00 1.27961139e+01 1.44433011e+01 
256 -2.19711430e+00 8.84016268e+00 1.28864849e+01 1.45194292e+01 
257 -2.23485568e+00 9.07746943e+00 1.29782317e+01 1.45954589e+01 
258 -2.27177938e+00 9.31889106e+00 1.30713092e+01 1.46712909e+01 
259 -2.30788455e+00 9.56421213e+00 1.31656682e+01 1.47468252e+01 
260 -2.34317026e+00 9.81317036e+00 1.32612547e+01 1.48219609e+01 
261 -2.37763542e+00 1.00654538e+01 1.33580102e+01 1.48965969e+01 
262 -2.41127888e+00 1.03206986e+01 1.34558705e+01 1.49706322e+01 
263 -2.44409938e+00 1.05784870e+01 1.35547660e+01 1.50439663e+01 
264 -2.47609558e+00 1.08383466e+01 1.36546212e+01 1.51164994e+01 
265 -2.50726607e+00 1.10997499e+01 1.37553541e+01 1.51881329e+01 
266 -2.53760943e+00 1.13621159e+01 1.38568762e+01 1.52587700e+01 
267 -2.56712418e+00 1.16248113e+01 1.39590917e+01 1.53283158e+01 
268 -2.59580886e+00 1.18871547e+01 1.40618973e+01 1.53966777e+01 
269 -2.62366205e+00 1.21484208e+01 1.41651820e+01 1.54637663e+01 
270 -2.65068237e+00 1.24078470e+01 1.42688264e+01 1.55294950e+01 
271 -2.67686855e+00 1.26646406e+01 1.43727026e+01 1.55937810e+01 
272 -2.70221944e+00 1.29179880e+01 1.44766737e+01 1.56565455e+01 
273 -2.72673404e+00 1.31670647e+01 1.45805935e+01 1.57177136e+01 
274 -2.75041155e+00 1.34110466e+01 1.46843066e+01 1.57772154e+01 
275 -2.77325141e+00 1.36491220e+01 1.47876475e+01 1.58349853e+01 
276 -2.79525332e+00 1.38805043e+01 1.48904414e+01 1.58909632e+01 
277 -2.81641726e+00 1.41044442e+01 1.49925030e+01 1.59450938e+01 
278 -2.83674356e+00 1.43202429e+01 1.50936377e+01 1.59973272e+01 
279 -2.85623290e+00 1.45272635e+01 1.51936408e+01 1.60476191e+01 
280 -2.87488633e+00 1.47249419e+01 1.52922984e+01 1.60959303e+01 
281 -2.89270529e+00 1.49127961e+01 1.53893873e+01 1.61422270e+01 
282 -2.90969164e+00 1.50904342e+01 1.54846760e+01 1.61864810e+01 
283 -2.92584765e+00 1.52575595e+01 1.55779248e+01 1.62286688e+01 
284 -2.94117600e+00 1.54139741e+01 1.56688874e+01 1.62687723e+01 
285 -2.95567977e+00 1.55595798e+01 1.57573112e+01 1.63067779e+01 
286 -2.96936242e+00 1.56943764e+01 1.58429391e+01 1.63426762e+01 
287 -2.98222776e+00 1.58184575e+01 1.59255103e+01 1.63764624e+01 
288 -2.99427993e+00 1.59320048e+01 1.60047626e+01 1.64081351e+01 
289 -3.00552333e+00 1.60352792e+01 1.60804336e+01 1.64376963e+01 
290 -3.01596260e+00 1.61286109e+01 1.61522628e+01 1.64651507e+01 
291 -3.02560253e+00 1.62123877e+01 1.62199938e+01 1.64905058e+01 
292 -3.03444798e+00 1.62833749e+01 1.62870436e+01 1.65137708e+01 
293 -3.04250387e+00 1.63421666e+01 1.63530407e+01 1.65349564e+01 
294 -3.04977502e+00 1.63961360e+01 1.64108627e+01 1.65540744e+01 
295 -3.05626615e+00 1.64450651e+01 1.64609950e+01 1.65711371e+01 
296 -3.06198172e+00 1.64887514e+01 1.65039138e+01 1.65861567e+01 
297 -3.06692593e+00 1.65270097e+01 1.65400728e+01 1.65991454e+01 
298 -3.07110257e+00 1.65596748e+01 1.65698912e+01 1.66101144e+01 
299 -3.07451500e+00 1.65866031e+01 1.65937432e+01 1.66190740e+01 
300 -3.07716605e+00 1.66076747e+01 1.66119481e+01 1.66260330e+01 
301 -3.07905800e+00 1.66227942e+01 1.66247632e+01 1.66309983e+01 
302 -3.08019250e+00 1.66318903e+01 1.66323791e+01 1.66339754e+01 
303 -3.08057055e+00 1.66348644e+01 1.66349674e+01 1.66349674e+01 G-P
304 -3.08000344e+00 1.66300596e+01 1.66324527e+01 1.66324527e+01 
305 -3.07830127e+00 1.66156544e+01 1.66248694e+01 1.66248694e+01 
306 -3.07546159e+00 1.65916770e+01 1.66121009e+01 1.66121009e+01 
307 -3.07148039e+00 1.65581745e+01 1.65939548e+01 1.65939548e+01 
308 -3.06635228e+00 1.65152136e+01 1.65701661e+01 1.65701661e+01 
309 -3.06007069e+00 1.64628815e+01 1.65404020e+01 1.65404020e+01 
310 -3.05262810e+00 1.64012862e+01 1.65042676e+01 1.65042676e+01 
311 -3.04401628e+00 1.63305579e+01 1.64613133e+01 1.64613133e+01 
312 -3.03422654e+00 1.62508488e+01 1.64110443e+01 1.64110444e+01 
313 -3.02325003e+00 1.61623348e+01 1.63529310e+01 1.63529310e+01 
314 -3.01107793e+00 1.60652147e+01 1.62864213e+01 1.62864213e+01 
315 -2.99770165e+00 1.59597114e+01 1.62109543e+01 1.62109543e+01 
316 -2.98311305e+00 1.58460707e+01 1.61259759e+01 1.61259759e+01 
317 -2.96730455e+00 1.57245620e+01 1.60309552e+01 1.60309552e+01 
318 -2.95026927e+00 1.55954766e+01 1.59254012e+01 1.59254013e+01 
319 -2.93200103e+00 1.54591272e+01 1.58088810e+01 1.58088810e+01 
320 -2.91249447e+00 1.53158465e+01 1.56810366e+01 1.56810366e+01 
321 -2.89174504e+00 1.51659858e+01 1.55416017e+01 1.55416017e+01 
322 -2.86974895e+00 1.50099129e+01 1.53904167e+01 1.53904167e+01 
323 -2.84650318e+00 1.48480106e+01 1.52274414e+01 1.52274414e+01 
324 -2.82200542e+00 1.46806742e+01 1.50527647e+01 1.50527647e+01 
325 -2.79625403e+00 1.45083097e+01 1.48666112e+01 1.48666113e+01 
326 -2.76924796e+00 1.43313310e+01 1.46693436e+01 1.46693436e+01 
327 -2.74098667e+00 1.41501581e+01 1.44614608e+01 1.44614608e+01 
328 -2.71147010e+00 1.39652143e+01 1.42435918e+01 1.42435918e+01 
329 -2.68069858e+00 1.37769241e+01 1.40164860e+01 1.40164860e+01 
330 -2.64867274e+00 1.35857108e+01 1.37809988e+01 1.37809988e+01 
331 -2.61539351e+00 1.33919943e+01 1.35380749e+01 1.35380749e+01 
332 -2.58086200e+00 1.31961890e+01 1.32887290e+01 1.32887290e+01 
333 -2.54507947e+00 1.29987015e+01 1.30340246e+01 1.30340246e+01 
334 -2.50804730e+00 1.27750530e+01 1.27750530e+01 1.27999291e+01 
335 -2.46976690e+00 1.25129114e+01 1.25129114e+01 1.26002578e+01 
336 -2.43023972e+00 1.22486835e+01 1.22486835e+01 1.24000606e+01 
337 -2.38946717e+00 1.19834203e+01 1.19834203e+01 1.21996963e+01 
338 -2.34745063e+00 1.17181247e+01 1.17181247e+01 1.19995084e+01 
339 -2.30419138e+00 1.14537378e+01 1.14537378e+01 1.17998235e+01 
340 -2.25969063e+00 1.11911280e+01 1.11911280e+01 1.16009509e+01 
341 -2.21394945e+00 1.09310841e+01 1.09310841e+01 1.14031818e+01 
342 -2.16696877e+00 1.06743098e+01 1.06743098e+01 1.12067888e+01 
343 -2.11874939e+00 1.04214218e+01 1.04214218e+01 1.10120252e+01 
344 -2.06929195e+00 1.01729498e+01 1.01729498e+01 1.08191255e+01 
345 -2.01859692e+00 9.92933859e+00 9.92933859e+00 1.06283049e+01 
346 -1.96666460e+00 9.69095147e+00 9.69095148e+00 1.04397595e+01 
347 -1.91349510e+00 9.45807538e+00 9.45807538e+00 1.02536668e+01 
348 -1.85908840e+00 9.23092648e+00 9.23092649e+00 1.00701857e+01 
349 -1.80344425e+00 9.00965657e+00 9.00965657e+00 9.88945738e+00 
350 -1.74656227e+00 8.79435966e+00 8.79435967e+00 9.71160569e+00 
351 -1.68844190e+00 8.58507873e+00 8.58507873e+00 9.53673791e+00 
352 -1.62908238e+00 8.38181220e+00 8.38181220e+00 9.36494538e+00 
353 -1.56848283e+00 8.18452038e+00 8.18452038e+00 9.19630443e+00 
354 -1.50664221e+00 7.99313134e+00 7.99313134e+00 9.03087713e+00 
355 -1.44355931e+00 7.80754642e+00 7.80754642e+00 8.86871223e+00 
356 -1.37923282e+00 7.62764530e+00 7.62764530e+00 8.70984597e+00 
357 -1.31366126e+00 7.45329046e+00 7.45329047e+00 8.55430306e+00 
358 -1.24684308e+00 7.28433128e+00 7.28433129e+00 8.40209752e+00 
359 -1.17877657e+00 7.12060752e+00 7.12060752e+00 8.25323364e+00 
360 -1.10945998e+00 6.96195238e+00 6.96195238e+00 8.10770680e+00 
361 -1.03889145e+00 6.80819520e+00 6.80819520e+00 7.96550439e+00 
362 -9.67069063e-01 6.65916362e+00 6.65916362e+00 7.82660660e+00 
363 -8.93990873e-01 6.51468551e+00 6.51468551e+00 7.69098728e+00 
364 -8.19654902e-01 6.37459048e+00 6.37459048e+00 7.55861469e+00 
365 -7.44059173e-01 6.23871116e+00 6.23871116e+00 7.42945226e+00 
366 -6.67201739e-01 6.10688419e+00 6.10688419e+00 7.30345932e+00 
367 -5.89080709e-01 5.97895103e+00 5.97895103e+00 7.18059172e+00 
368 -5.09694287e-01 5.85475852e+00 5.85475852e+00 7.06080256e+00 
369 -4.29040808e-01 5.73415936e+00 5.73415936e+00 6.94404273e+00 
370 -3.47118787e-01 5.61701236e+00 5.61701236e+00 6.83026152e+00 
371 -2.63926974e-01 5.50318266e+00 5.50318266e+00 6.71940713e+00 
372 -1.79464415e-01 5.39254178e+00 5.39254178e+00 6.61142724e+00 
373 -9.37305293e-02 5.28496765e+00 5.28496765e+00 6.50626942e+00 
374 -6.72519366e-03 5.18034456e+00 5.18034456e+00 6.40388167e+00 
375 8.15511514e-02 5.07856301e+00 5.07856301e+00 6.30421282e+00 
376 1.71097381e-01 4.97951961e+00 4.97951961e+00 6.20721298e+00 
377 2.61911540e-01 4.88311686e+00 4.88311686e+00 6.11283394e+00 
378 3.53990673e-01 4.78926298e+00 4.78926298e+00 6.02102963e+00 
379 4.47330612e-01 4.69787165e+00 4.69787165e+00 5.93175652e+00 
380 5.41925735e-01 4.60886182e+00 4.60886182e+00 5.84497406e+00 
381 6.37768667e-01 4.52215746e+00 4.52215746e+00 5.76064517e+00 
382 7.34849915e-01 4.43768728e+00 4.43768728e+00 5.67873674e+00 
383 8.33157436e-01 4.35538457e+00 4.35538457e+00 5.59922019e+00 
384 9.32676102e-01 4.27518687e+00 4.27518687e+00 5.52207213e+00 
385 1.03338704e+00 4.19703582e+00 4.19703582e+00 5.44727510e+00 
386 1.13526684e+00 4.12087686e+00 4.12087686e+00 5.37481846e+00 
387 1.23828654e+00 4.04665908e+00 4.04665908e+00 5.30469945e+00 
388 1.34241039e+00 3.97433494e+00 3.97433494e+00 5.23692451e+00 
389 1.44759430e+00 3.90386010e+00 3.90386010e+00 5.17151087e+00 
390 1.55378381e+00 3.83519328e+00 3.83519328e+00 5.10848860e+00 
391 1.66091156e+00 3.76829601e+00 3.76829601e+00 5.04790317e+00 
392 1.76889444e+00 3.70313233e+00 3.70313233e+00 4.98981848e+00 
393 1.87762891e+00 3.63966890e+00 3.63966890e+00 4.93432133e+00 
394 1.98698609e+00 3.57787468e+00 3.57787468e+00 4.88152656e+00 
395 2.09680471e+00 3.51772076e+00 3.51772076e+00 4.83158402e+00 
396 2.20688213e+00 3.45918032e+00 3.45918032e+00 4.78468765e+00 
397 2.31696305e+00 3.40222830e+00 3.40222830e+00 4.74108698e+00 
398 2.42672386e+00 3.34684154e+00 3.34684154e+00 4.70110254e+00 
399 2.53575385e+00 3.29299852e+00 3.29299852e+00 4.66514499e+00 
400 2.64353098e+00 3.24067927e+00 3.24067927e+00 4.63373932e+00 
401 2.74939371e+00 3.18986517e+00 3.18986517e+00 4.60755345e+00 
402 2.85250917e+00 3.14053906e+00 3.14053906e+00 4.58742984e+00 
403 2.95184542e+00 3.09268500e+00 3.09268500e+00 4.57441372e+00 
404 3.04615860e+00 3.04628826e+00 3.04628826e+00 4.56976622e+00 P-H
405 3.00121998e+00 3.00133533e+00 3.13414346e+00 4.57492941e+00 
406 2.95769803e+00 2.95781341e+00 3.21402686e+00 4.59147196e+00 
407 2.91559550e+00 2.91571090e+00 3.28446776e+00 4.62088145e+00 
408 2.87490165e+00 2.87501706e+00 3.34433367e+00 4.66432735e+00 
409 2.83560664e+00 2.83572202e+00 3.39306470e+00 4.72241288e+00 
410 2.79770129e+00 2.79781674e+00 3.43081161e+00 4.79503794e+00 
411 2.76117735e+00 2.76129282e+00 3.45838882e+00 4.88144677e+00 
412 2.72602721e+00 2.72614270e+00 3.47707029e+00 4.98043318e+00 
413 2.69224398e+00 2.69235943e+00 3.48833151e+00 5.09059981e+00 
414 2.65982128e+00 2.65993675e+00 3.49363505e+00 5.21057419e+00 
415 2.62875346e+00 2.62886900e+00 3.49430056e+00 5.33913990e+00 
416 2.59903546e+00 2.59915102e+00 3.49145126e+00 5.47529221e+00 
417 2.57066274e+00 2.57077832e+00 3.48600988e+00 5.61824391e+00 
418 2.54363133e+00 2.54374689e+00 3.47871925e+00 5.76740690e+00 
419 2.51793769e+00 2.51805328e+00 3.47017118e+00 5.92236602e+00 
420 2.49357888e+00 2.49369456e+00 3.46083528e+00 6.08285220e+00 
421 2.47055247e+00 2.47066818e+00 3.45108415e+00 6.24872049e+00 
422 2.44885646e+00 2.44897220e+00 3.44121395e+00 6.41993194e+00 
423 2.42848935e+00 2.42860513e+00 3.43146069e+00 6.59654020e+00 
424 2.40945013e+00 2.40956595e+00 3.42201290e+00 6.77868152e+00 
425 2.39173824e+00 2.39185417e+00 3.41302133e+00 6.96656735e+00 
426 2.37535367e+00 2.37546966e+00 3.40460634e+00 7.16047902e+00 
427 2.36029683e+00 2.36041289e+00 3.39686365e+00 7.36076285e+00 
428 2.34656867e+00 2.34668481e+00 3.38986867e+00 7.56782606e+00 
429 2.33417062e+00 2.33428685e+00 3.38367991e+00 7.78213177e+00 
430 2.32310462e+00 2.32322100e+00 3.37834167e+00 8.00419279e+00 
431 2.31337323e+00 2.31348972e+00 3.37388614e+00 8.23456361e+00 
432 2.30497948e+00 2.30509609e+00 3.37033528e+00 8.47382887e+00 
433 2.29792700e+00 2.29804375e+00 3.36770232e+00 8.72258880e+00 
434 2.29222005e+00 2.29233696e+00 3.36599323e+00 8.98143986e+00 
435 2.28786347e+00 2.28798059e+00 3.36520810e+00 9.25095024e+00 
436 2.28486285e+00 2.28498015e+00 3.36534252e+00 9.53163014e+00 
437 2.28322438e+00 2.28334188e+00 3.36638900e+00 9.82389550e+00 
438 2.28295501e+00 2.28307272e+00 3.36833844e+00 1.01280270e+01 
439 2.28406245e+00 2.28418041e+00 3.37118155e+00 1.04441242e+01 
440 2.28655520e+00 2.28667346e+00 3.37491038e+00 1.07720567e+01 
441 2.29044266e+00 2.29056120e+00 3.37951971e+00 1.11114151e+01 
442 2.29573504e+00 2.29585387e+00 3.38500832e+00 1.14614653e+01 
443 2.30244350e+00 2.30256266e+00 3.39138004e+00 1.18211095e+01 
444 2.31058019e+00 2.31069970e+00 3.39864459e+00 1.21888596e+01 
445 2.32015824e+00 2.32027817e+00 3.40681800e+00 1.25628278e+01 
446 2.33119192e+00 2.33131225e+00 3.41592274e+00 1.29407373e+01 
447 2.34369653e+00 2.34381730e+00 3.42598743e+00 1.33199568e+01 
448 2.35768857e+00 2.35780980e+00 3.43704619e+00 1.36975599e+01 
449 2.37318572e+00 2.37330743e+00 3.44913771e+00 1.40704072e+01 
450 2.39020685e+00 2.39032915e+00 3.46230403e+00 1.44352470e+01 
451 2.40877223e+00 2.40889509e+00 3.47658929e+00 1.47888285e+01 
452 2.42890332e+00 2.42902677e+00 3.49203821e+00 1.51280173e+01 
453 2.45062292e+00 2.45074701e+00 3.50869483e+00 1.54499075e+01 
454 2.47395518e+00 2.47407995e+00 3.52660113e+00 1.57519183e+01 
455 2.49892555e+00 2.49905109e+00 3.54579598e+00 1.60318712e+01 
456 2.52556090e+00 2.52568720e+00 3.56631414e+00 1.62880419e+01 
457 2.55388928e+00 2.55401639e+00 3.58818552e+00 1.65191846e+01 
458 2.58394001e+00 2.58406798e+00 3.61143464e+00 1.67245325e+01 
459 2.61574358e+00 2.61587245e+00 3.63608021e+00 1.69037747e+01 
460 2.64933148e+00 2.64946136e+00 3.66213498e+00 1.70570158e+01 
461 2.68473618e+00 2.68486708e+00 3.68960556e+00 1.71847244e+01 
462 2.72199081e+00 2.72212278e+00 3.71849249e+00 1.72876730e+01 
463 2.76112896e+00 2.76126206e+00 3.74879022e+00 1.73668784e+01 
464 2.80218441e+00 2.80231870e+00 3.78048725e+00 1.74235421e+01 
465 2.84519074e+00 2.84532634e+00 3.81356619e+00 1.74589966e+01 
466 2.89018101e+00 2.89031794e+00 3.84800393e+00 1.74746583e+01 
467 2.93718703e+00 2.93732534e+00 3.88377159e+00 1.74719869e+01 
468 2.98623888e+00 2.98637864e+00 3.92083462e+00 1.74524533e+01 
469 3.03736414e+00 3.03750544e+00 3.95915282e+00 1.74175143e+01 
470 3.09058703e+00 3.09072999e+00 3.99868023e+00 1.73685936e+01 
471 3.14592754e+00 3.14607218e+00 4.03936508e+00 1.73070685e+01 
472 3.20340004e+00 3.20354644e+00 4.08114964e+00 1.72342612e+01 
473 3.26301218e+00 3.26316041e+00 4.12397004e+00 1.71514338e+01 
474 3.32476332e+00 3.32491347e+00 4.16775603e+00 1.70597860e+01 
475 3.38864287e+00 3.38879507e+00 4.21243078e+00 1.69604554e+01 
476 3.45462853e+00 3.45478281e+00 4.25791058e+00 1.68545185e+01 
477 3.52268405e+00 3.52284047e+00 4.30410452e+00 1.67429940e+01 
478 3.59275705e+00 3.59291571e+00 4.35091418e+00 1.66268454e+01 
479 3.66477660e+00 3.66493757e+00 4.39823334e+00 1.65069850e+01 
480 3.73865055e+00 3.73881396e+00 4.44594763e+00 1.63842775e+01 
481 3.81426290e+00 3.81442877e+00 4.49393432e+00 1.62595437e+01 
482 3.89147074e+00 3.89163912e+00 4.54206193e+00 1.61335643e+01 
483 3.97010148e+00 3.97027245e+00 4.59019012e+00 1.60070830e+01 
484 4.04995002e+00 4.05012362e+00 4.63816950e+00 1.58808096e+01 
485 4.13077595e+00 4.13095230e+00 4.68584160e+00 1.57554231e+01 
486 4.21230136e+00 4.21248042e+00 4.73303896e+00 1.56315737e+01 
487 4.29420850e+00 4.29439031e+00 4.77958525e+00 1.55098852e+01 
488 4.37613857e+00 4.37632313e+00 4.82529573e+00 1.53909566e+01 
489 4.45769099e+00 4.45787830e+00 4.86997775e+00 1.52753631e+01 
490 4.53842364e+00 4.53861374e+00 4.91343160e+00 1.51636576e+01 
491 4.61785453e+00 4.61804734e+00 4.95545161e+00 1.50563706e+01 
492 4.69546430e+00 4.69565975e+00 4.99582736e+00 1.49540104e+01 
493 4.77070069e+00 4.77089872e+00 5.03434543e+00 1.48570630e+01 
494 4.84298445e+00 4.84318497e+00 5.07079135e+00 1.47659908e+01 
495 4.91171692e+00 4.91191985e+00 5.10495177e+00 1.46812317e+01 
496 4.97628941e+00 4.97649458e+00 5.13661716e+00 1.46031974e+01 
497 5.03609383e+00 5.03630107e+00 5.16558449e+00 1.45322713e+01 
498 5.09053490e+00 5.09074404e+00 5.19166030e+00 1.44688064e+01 
499 5.13904325e+00 5.13925409e+00 5.21466386e+00 1.44131226e+01 
500 5.18108896e+00 5.18130131e+00 5.23443034e+00 1.43655043e+01 
501 5.21619523e+00 5.21640886e+00 5.25081395e+00 1.43261976e+01 
502 5.24395120e+00 5.24416592e+00 5.26369083e+00 1.42954079e+01 
503 5.26402365e+00 5.26423943e+00 5.27296182e+00 1.42732974e+01 
504 5.27616592e+00 5.27638391e+00 5.27855550e+00 1.42599838e+01 
