0.00000000e+00 0.00000000e+00 0.00000000e+00 G
0.00000000e+00 2.36406619e-03 0.00000000e+00 
0.00000000e+00 4.72813239e-03 0.00000000e+00 
0.00000000e+00 7.09219858e-03 0.00000000e+00 
0.00000000e+00 9.45626478e-03 0.00000000e+00 
0.00000000e+00 1.18203310e-02 0.00000000e+00 
0.00000000e+00 1.41843972e-02 0.00000000e+00 
0.00000000e+00 1.65484634e-02 0.00000000e+00 
0.00000000e+00 1.89125296e-02 0.00000000e+00 
0.00000000e+00 2.12765957e-02 0.00000000e+00 
0.00000000e+00 2.36406619e-02 0.00000000e+00 
0.00000000e+00 2.60047281e-02 0.00000000e+00 
0.00000000e+00 2.83687943e-02 0.00000000e+00 
0.00000000e+00 3.07328605e-02 0.00000000e+00 
0.00000000e+00 3.30969267e-02 0.00000000e+00 
0.00000000e+00 3.54609929e-02 0.00000000e+00 
0.00000000e+00 3.78250591e-02 0.00000000e+00 
0.00000000e+00 4.01891253e-02 0.00000000e+00 
0.00000000e+00 4.25531915e-02 0.00000000e+00 
0.00000000e+00 4.49172577e-02 0.00000000e+00 
0.00000000e+00 4.72813239e-02 0.00000000e+00 
0.00000000e+00 4.96453901e-02 0.00000000e+00 
0.00000000e+00 5.20094563e-02 0.00000000e+00 
0.00000000e+00 5.43735225e-02 0.00000000e+00 
0.00000000e+00 5.67375887e-02 0.00000000e+00 
0.00000000e+00 5.91016548e-02 0.00000000e+00 
0.00000000e+00 6.14657210e-02 0.00000000e+00 
0.00000000e+00 6.38297872e-02 0.00000000e+00 
0.00000000e+00 6.61938534e-02 0.00000000e+00 
0.00000000e+00 6.85579196e-02 0.00000000e+00 
0.00000000e+00 7.09219858e-02 0.00000000e+00 
0.00000000e+00 7.32860520e-02 0.00000000e+00 
0.00000000e+00 7.56501182e-02 0.00000000e+00 
0.00000000e+00 7.80141844e-02 0.00000000e+00 
0.00000000e+00 8.03782506e-02 0.00000000e+00 
0.00000000e+00 8.27423168e-02 0.00000000e+00 
0.00000000e+00 8.51063830e-02 0.00000000e+00 
0.00000000e+00 8.74704492e-02 0.00000000e+00 
0.00000000e+00 8.98345154e-02 0.00000000e+00 
0.00000000e+00 9.21985816e-02 0.00000000e+00 
0.00000000e+00 9.45626478e-02 0.00000000e+00 
0.00000000e+00 9.69267139e-02 0.00000000e+00 
0.00000000e+00 9.92907801e-02 0.00000000e+00 
0.00000000e+00 1.01654846e-01 0.00000000e+00 
0.00000000e+00 1.04018913e-01 0.00000000e+00 
0.00000000e+00 1.06382979e-01 0.00000000e+00 
0.00000000e+00 1.08747045e-01 0.00000000e+00 
0.00000000e+00 1.11111111e-01 0.00000000e+00 
0.00000000e+00 1.13475177e-01 0.00000000e+00 
0.00000000e+00 1.15839243e-01 0.00000000e+00 
0.00000000e+00 1.18203310e-01 0.00000000e+00 
0.00000000e+00 1.20567376e-01 0.00000000e+00 
0.00000000e+00 1.22931442e-01 0.00000000e+00 
0.00000000e+00 1.25295508e-01 0.00000000e+00 
0.00000000e+00 1.27659574e-01 0.00000000e+00 
0.00000000e+00 1.30023641e-01 0.00000000e+00 
0.00000000e+00 1.32387707e-01 0.00000000e+00 
0.00000000e+00 1.34751773e-01 0.00000000e+00 
0.00000000e+00 1.37115839e-01 0.00000000e+00 
0.00000000e+00 1.39479905e-01 0.00000000e+00 
0.00000000e+00 1.41843972e-01 0.00000000e+00 
0.00000000e+00 1.44208038e-01 0.00000000e+00 
0.00000000e+00 1.46572104e-01 0.00000000e+00 
0.00000000e+00 1.48936170e-01 0.00000000e+00 
0.00000000e+00 1.51300236e-01 0.00000000e+00 
0.00000000e+00 1.53664303e-01 0.00000000e+00 
0.00000000e+00 1.56028369e-01 0.00000000e+00 
0.00000000e+00 1.58392435e-01 0.00000000e+00 
0.00000000e+00 1.60756501e-01 0.00000000e+00 
0.00000000e+00 1.63120567e-01 0.00000000e+00 
0.00000000e+00 1.65484634e-01 0.00000000e+00 
0.00000000e+00 1.67848700e-01 0.00000000e+00 
0.00000000e+00 1.70212766e-01 0.00000000e+00 
0.00000000e+00 1.72576832e-01 0.00000000e+00 
0.00000000e+00 1.74940898e-01 0.00000000e+00 
0.00000000e+00 1.77304965e-01 0.00000000e+00 
0.00000000e+00 1.79669031e-01 0.00000000e+00 
0.00000000e+00 1.82033097e-01 0.00000000e+00 
0.00000000e+00 1.84397163e-01 0.00000000e+00 
0.00000000e+00 1.86761229e-01 0.00000000e+00 
0.00000000e+00 1.89125296e-01 0.00000000e+00 
0.00000000e+00 1.91489362e-01 0.00000000e+00 
0.00000000e+00 1.93853428e-01 0.00000000e+00 
0.00000000e+00 1.96217494e-01 0.00000000e+00 
0.00000000e+00 1.98581560e-01 0.00000000e+00 
0.00000000e+00 2.00945626e-01 0.00000000e+00 
0.00000000e+00 2.03309693e-01 0.00000000e+00 
0.00000000e+00 2.05673759e-01 0.00000000e+00 
0.00000000e+00 2.08037825e-01 0.00000000e+00 
0.00000000e+00 2.10401891e-01 0.00000000e+00 
0.00000000e+00 2.12765957e-01 0.00000000e+00 
0.00000000e+00 2.15130024e-01 0.00000000e+00 
0.00000000e+00 2.17494090e-01 0.00000000e+00 
0.00000000e+00 2.19858156e-01 0.00000000e+00 
0.00000000e+00 2.22222222e-01 0.00000000e+00 
0.00000000e+00 2.24586288e-01 0.00000000e+00 
0.00000000e+00 2.26950355e-01 0.00000000e+00 
0.00000000e+00 2.29314421e-01 0.00000000e+00 
0.00000000e+00 2.31678487e-01 0.00000000e+00 
0.00000000e+00 2.34042553e-01 0.00000000e+00 
0.00000000e+00 2.36406619e-01 0.00000000e+00 H
1.18203310e-03 2.35224586e-01 1.18203310e-03 
2.36406619e-03 2.34042553e-01 2.36406619e-03 
3.54609929e-03 2.32860520e-01 3.54609929e-03 
4.72813239e-03 2.31678487e-01 4.72813239e-03 
5.91016548e-03 2.30496454e-01 5.91016548e-03 
7.09219858e-03 2.29314421e-01 7.09219858e-03 
8.27423168e-03 2.28132388e-01 8.27423168e-03 
9.45626478e-03 2.26950355e-01 9.45626478e-03 
1.06382979e-02 2.25768322e-01 1.06382979e-02 
1.18203310e-02 2.24586288e-01 1.18203310e-02 
1.30023641e-02 2.23404255e-01 1.30023641e-02 
1.41843972e-02 2.22222222e-01 1.41843972e-02 
1.53664303e-02 2.21040189e-01 1.53664303e-02 
1.65484634e-02 2.19858156e-01 1.65484634e-02 
1.77304965e-02 2.18676123e-01 1.77304965e-02 
1.89125296e-02 2.17494090e-01 1.89125296e-02 
2.00945626e-02 2.16312057e-01 2.00945626e-02 
2.12765957e-02 2.15130024e-01 2.12765957e-02 
2.24586288e-02 2.13947991e-01 2.24586288e-02 
2.36406619e-02 2.12765957e-01 2.36406619e-02 
2.48226950e-02 2.11583924e-01 2.48226950e-02 
2.60047281e-02 2.10401891e-01 2.60047281e-02 
2.71867612e-02 2.09219858e-01 2.71867612e-02 
2.83687943e-02 2.08037825e-01 2.83687943e-02 
2.95508274e-02 2.06855792e-01 2.95508274e-02 
3.07328605e-02 2.05673759e-01 3.07328605e-02 
3.19148936e-02 2.04491726e-01 3.19148936e-02 
3.30969267e-02 2.03309693e-01 3.30969267e-02 
3.42789598e-02 2.02127660e-01 3.42789598e-02 
3.54609929e-02 2.00945626e-01 3.54609929e-02 
3.66430260e-02 1.99763593e-01 3.66430260e-02 
3.78250591e-02 1.98581560e-01 3.78250591e-02 
3.90070922e-02 1.97399527e-01 3.90070922e-02 
4.01891253e-02 1.96217494e-01 4.01891253e-02 
4.13711584e-02 1.95035461e-01 4.13711584e-02 
4.25531915e-02 1.93853428e-01 4.25531915e-02 
4.37352246e-02 1.92671395e-01 4.37352246e-02 
4.49172577e-02 1.91489362e-01 4.49172577e-02 
4.60992908e-02 1.90307329e-01 4.60992908e-02 
4.72813239e-02 1.89125296e-01 4.72813239e-02 
4.84633570e-02 1.87943262e-01 4.84633570e-02 
4.96453901e-02 1.86761229e-01 4.96453901e-02 
5.08274232e-02 1.85579196e-01 5.08274232e-02 
5.20094563e-02 1.84397163e-01 5.20094563e-02 
5.31914894e-02 1.83215130e-01 5.31914894e-02 
5.43735225e-02 1.82033097e-01 5.43735225e-02 
5.55555556e-02 1.80851064e-01 5.55555556e-02 
5.67375887e-02 1.79669031e-01 5.67375887e-02 
5.79196217e-02 1.78486998e-01 5.79196217e-02 
5.91016548e-02 1.77304965e-01 5.91016548e-02 
6.02836879e-02 1.76122931e-01 6.02836879e-02 
6.14657210e-02 1.74940898e-01 6.14657210e-02 
6.26477541e-02 1.73758865e-01 6.26477541e-02 
6.38297872e-02 1.72576832e-01 6.38297872e-02 
6.50118203e-02 1.71394799e-01 6.50118203e-02 
6.61938534e-02 1.70212766e-01 6.61938534e-02 
6.73758865e-02 1.69030733e-01 6.73758865e-02 
6.85579196e-02 1.67848700e-01 6.85579196e-02 
6.97399527e-02 1.66666667e-01 6.97399527e-02 
7.09219858e-02 1.65484634e-01 7.09219858e-02 
7.21040189e-02 1.64302600e-01 7.21040189e-02 
7.32860520e-02 1.63120567e-01 7.32860520e-02 
7.44680851e-02 1.61938534e-01 7.44680851e-02 
7.56501182e-02 1.60756501e-01 7.56501182e-02 
7.68321513e-02 1.59574468e-01 7.68321513e-02 
7.80141844e-02 1.58392435e-01 7.80141844e-02 
7.91962175e-02 1.57210402e-01 7.91962175e-02 
8.03782506e-02 1.56028369e-01 8.03782506e-02 
8.15602837e-02 1.54846336e-01 8.15602837e-02 
8.27423168e-02 1.53664303e-01 8.27423168e-02 
8.39243499e-02 1.52482270e-01 8.39243499e-02 
8.51063830e-02 1.51300236e-01 8.51063830e-02 
8.62884161e-02 1.50118203e-01 8.62884161e-02 
8.74704492e-02 1.48936170e-01 8.74704492e-02 
8.86524823e-02 1.47754137e-01 8.86524823e-02 
8.98345154e-02 1.46572104e-01 8.98345154e-02 
9.10165485e-02 1.45390071e-01 9.10165485e-02 
9.21985816e-02 1.44208038e-01 9.21985816e-02 
9.33806147e-02 1.43026005e-01 9.33806147e-02 
9.45626478e-02 1.41843972e-01 9.45626478e-02 
9.57446809e-02 1.40661939e-01 9.57446809e-02 
9.69267139e-02 1.39479905e-01 9.69267139e-02 
9.81087470e-02 1.38297872e-01 9.81087470e-02 
9.92907801e-02 1.37115839e-01 9.92907801e-02 
1.00472813e-01 1.35933806e-01 1.00472813e-01 
1.01654846e-01 1.34751773e-01 1.01654846e-01 
1.02836879e-01 1.33569740e-01 1.02836879e-01 
1.04018913e-01 1.32387707e-01 1.04018913e-01 
1.05200946e-01 1.31205674e-01 1.05200946e-01 
1.06382979e-01 1.30023641e-01 1.06382979e-01 
1.07565012e-01 1.28841608e-01 1.07565012e-01 
1.08747045e-01 1.27659574e-01 1.08747045e-01 
1.09929078e-01 1.26477541e-01 1.09929078e-01 
1.11111111e-01 1.25295508e-01 1.11111111e-01 
1.12293144e-01 1.24113475e-01 1.12293144e-01 
1.13475177e-01 1.22931442e-01 1.13475177e-01 
1.14657210e-01 1.21749409e-01 1.14657210e-01 
1.15839243e-01 1.20567376e-01 1.15839243e-01 
1.17021277e-01 1.19385343e-01 1.17021277e-01 
1.18203310e-01 1.18203310e-01 1.18203310e-01 P
1.17021277e-01 1.17021277e-01 1.17021277e-01 
1.15839243e-01 1.15839243e-01 1.15839243e-01 
1.14657210e-01 1.14657210e-01 1.14657210e-01 
1.13475177e-01 1.13475177e-01 1.13475177e-01 
1.12293144e-01 1.12293144e-01 1.12293144e-01 
1.11111111e-01 1.11111111e-01 1.11111111e-01 
1.09929078e-01 1.09929078e-01 1.09929078e-01 
1.08747045e-01 1.08747045e-01 1.08747045e-01 
1.07565012e-01 1.07565012e-01 1.07565012e-01 
1.06382979e-01 1.06382979e-01 1.06382979e-01 
1.05200946e-01 1.05200946e-01 1.05200946e-01 
1.04018913e-01 1.04018913e-01 1.04018913e-01 
1.02836879e-01 1.02836879e-01 1.02836879e-01 
1.01654846e-01 1.01654846e-01 1.01654846e-01 
1.00472813e-01 1.00472813e-01 1.00472813e-01 
9.92907801e-02 9.92907801e-02 9.92907801e-02 
9.81087470e-02 9.81087470e-02 9.81087470e-02 
9.69267139e-02 9.69267139e-02 9.69267139e-02 
9.57446809e-02 9.57446809e-02 9.57446809e-02 
9.45626478e-02 9.45626478e-02 9.45626478e-02 
9.33806147e-02 9.33806147e-02 9.33806147e-02 
9.21985816e-02 9.21985816e-02 9.21985816e-02 
9.10165485e-02 9.10165485e-02 9.10165485e-02 
8.98345154e-02 8.98345154e-02 8.98345154e-02 
8.86524823e-02 8.86524823e-02 8.86524823e-02 
8.74704492e-02 8.74704492e-02 8.74704492e-02 
8.62884161e-02 8.62884161e-02 8.62884161e-02 
8.51063830e-02 8.51063830e-02 8.51063830e-02 
8.39243499e-02 8.39243499e-02 8.39243499e-02 
8.27423168e-02 8.27423168e-02 8.27423168e-02 
8.15602837e-02 8.15602837e-02 8.15602837e-02 
8.03782506e-02 8.03782506e-02 8.03782506e-02 
7.91962175e-02 7.91962175e-02 7.91962175e-02 
7.80141844e-02 7.80141844e-02 7.80141844e-02 
7.68321513e-02 7.68321513e-02 7.68321513e-02 
7.56501182e-02 7.56501182e-02 7.56501182e-02 
7.44680851e-02 7.44680851e-02 7.44680851e-02 
7.32860520e-02 7.32860520e-02 7.32860520e-02 
7.21040189e-02 7.21040189e-02 7.21040189e-02 
7.09219858e-02 7.09219858e-02 7.09219858e-02 
6.97399527e-02 6.97399527e-02 6.97399527e-02 
6.85579196e-02 6.85579196e-02 6.85579196e-02 
6.73758865e-02 6.73758865e-02 6.73758865e-02 
6.61938534e-02 6.61938534e-02 6.61938534e-02 
6.50118203e-02 6.50118203e-02 6.50118203e-02 
6.38297872e-02 6.38297872e-02 6.38297872e-02 
6.26477541e-02 6.26477541e-02 6.26477541e-02 
6.14657210e-02 6.14657210e-02 6.14657210e-02 
6.02836879e-02 6.02836879e-02 6.02836879e-02 
5.91016548e-02 5.91016548e-02 5.91016548e-02 
5.79196217e-02 5.79196217e-02 5.79196217e-02 
5.67375887e-02 5.67375887e-02 5.67375887e-02 
5.55555556e-02 5.55555556e-02 5.55555556e-02 
5.43735225e-02 5.43735225e-02 5.43735225e-02 
5.31914894e-02 5.31914894e-02 5.31914894e-02 
5.20094563e-02 5.20094563e-02 5.20094563e-02 
5.08274232e-02 5.08274232e-02 5.08274232e-02 
4.96453901e-02 4.96453901e-02 4.96453901e-02 
4.84633570e-02 4.84633570e-02 4.84633570e-02 
4.72813239e-02 4.72813239e-02 4.72813239e-02 
4.60992908e-02 4.60992908e-02 4.60992908e-02 
4.49172577e-02 4.49172577e-02 4.49172577e-02 
4.37352246e-02 4.37352246e-02 4.37352246e-02 
4.25531915e-02 4.25531915e-02 4.25531915e-02 
4.13711584e-02 4.13711584e-02 4.13711584e-02 
4.01891253e-02 4.01891253e-02 4.01891253e-02 
3.90070922e-02 3.90070922e-02 3.90070922e-02 
3.78250591e-02 3.78250591e-02 3.78250591e-02 
3.66430260e-02 3.66430260e-02 3.66430260e-02 
3.54609929e-02 3.54609929e-02 3.54609929e-02 
3.42789598e-02 3.42789598e-02 3.42789598e-02 
3.30969267e-02 3.30969267e-02 3.30969267e-02 
3.19148936e-02 3.19148936e-02 3.19148936e-02 
3.07328605e-02 3.07328605e-02 3.07328605e-02 
2.95508274e-02 2.95508274e-02 2.95508274e-02 
2.83687943e-02 2.83687943e-02 2.83687943e-02 
2.71867612e-02 2.71867612e-02 2.71867612e-02 
2.60047281e-02 2.60047281e-02 2.60047281e-02 
2.48226950e-02 2.48226950e-02 2.48226950e-02 
2.36406619e-02 2.36406619e-02 2.36406619e-02 
2.24586288e-02 2.24586288e-02 2.24586288e-02 
2.12765957e-02 2.12765957e-02 2.12765957e-02 
2.00945626e-02 2.00945626e-02 2.00945626e-02 
1.89125296e-02 1.89125296e-02 1.89125296e-02 
1.77304965e-02 1.77304965e-02 1.77304965e-02 
1.65484634e-02 1.65484634e-02 1.65484634e-02 
1.53664303e-02 1.53664303e-02 1.53664303e-02 
1.41843972e-02 1.41843972e-02 1.41843972e-02 
1.30023641e-02 1.30023641e-02 1.30023641e-02 
1.18203310e-02 1.18203310e-02 1.18203310e-02 
1.06382979e-02 1.06382979e-02 1.06382979e-02 
9.45626478e-03 9.45626478e-03 9.45626478e-03 
8.27423168e-03 8.27423168e-03 8.27423168e-03 
7.09219858e-03 7.09219858e-03 7.09219858e-03 
5.91016548e-03 5.91016548e-03 5.91016548e-03 
4.72813239e-03 4.72813239e-03 4.72813239e-03 
3.54609929e-03 3.54609929e-03 3.54609929e-03 
2.36406619e-03 2.36406619e-03 2.36406619e-03 
1.18203310e-03 1.18203310e-03 1.18203310e-03 
0.00000000e+00 0.00000000e+00 0.00000000e+00 G
1.18203310e-03 1.18203310e-03 0.00000000e+00 
2.36406619e-03 2.36406619e-03 0.00000000e+00 
3.54609929e-03 3.54609929e-03 0.00000000e+00 
4.72813239e-03 4.72813239e-03 0.00000000e+00 
5.91016548e-03 5.91016548e-03 0.00000000e+00 
7.09219858e-03 7.09219858e-03 0.00000000e+00 
8.27423168e-03 8.27423168e-03 0.00000000e+00 
9.45626478e-03 9.45626478e-03 0.00000000e+00 
1.06382979e-02 1.06382979e-02 0.00000000e+00 
1.18203310e-02 1.18203310e-02 0.00000000e+00 
1.30023641e-02 1.30023641e-02 0.00000000e+00 
1.41843972e-02 1.41843972e-02 0.00000000e+00 
1.53664303e-02 1.53664303e-02 0.00000000e+00 
1.65484634e-02 1.65484634e-02 0.00000000e+00 
1.77304965e-02 1.77304965e-02 0.00000000e+00 
1.89125296e-02 1.89125296e-02 0.00000000e+00 
2.00945626e-02 2.00945626e-02 0.00000000e+00 
2.12765957e-02 2.12765957e-02 0.00000000e+00 
2.24586288e-02 2.24586288e-02 0.00000000e+00 
2.36406619e-02 2.36406619e-02 0.00000000e+00 
2.48226950e-02 2.48226950e-02 0.00000000e+00 
2.60047281e-02 2.60047281e-02 0.00000000e+00 
2.71867612e-02 2.71867612e-02 0.00000000e+00 
2.83687943e-02 2.83687943e-02 0.00000000e+00 
2.95508274e-02 2.95508274e-02 0.00000000e+00 
3.07328605e-02 3.07328605e-02 0.00000000e+00 
3.19148936e-02 3.19148936e-02 0.00000000e+00 
3.30969267e-02 3.30969267e-02 0.00000000e+00 
3.42789598e-02 3.42789598e-02 0.00000000e+00 
3.54609929e-02 3.54609929e-02 0.00000000e+00 
3.66430260e-02 3.66430260e-02 0.00000000e+00 
3.78250591e-02 3.78250591e-02 0.00000000e+00 
3.90070922e-02 3.90070922e-02 0.00000000e+00 
4.01891253e-02 4.01891253e-02 0.00000000e+00 
4.13711584e-02 4.13711584e-02 0.00000000e+00 
4.25531915e-02 4.25531915e-02 0.00000000e+00 
4.37352246e-02 4.37352246e-02 0.00000000e+00 
4.49172577e-02 4.49172577e-02 0.00000000e+00 
4.60992908e-02 4.60992908e-02 0.00000000e+00 
4.72813239e-02 4.72813239e-02 0.00000000e+00 
4.84633570e-02 4.84633570e-02 0.00000000e+00 
4.96453901e-02 4.96453901e-02 0.00000000e+00 
5.08274232e-02 5.08274232e-02 0.00000000e+00 
5.20094563e-02 5.20094563e-02 0.00000000e+00 
5.31914894e-02 5.31914894e-02 0.00000000e+00 
5.43735225e-02 5.43735225e-02 0.00000000e+00 
5.55555556e-02 5.55555556e-02 0.00000000e+00 
5.67375887e-02 5.67375887e-02 0.00000000e+00 
5.79196217e-02 5.79196217e-02 0.00000000e+00 
5.91016548e-02 5.91016548e-02 0.00000000e+00 
6.02836879e-02 6.02836879e-02 0.00000000e+00 
6.14657210e-02 6.14657210e-02 0.00000000e+00 
6.26477541e-02 6.26477541e-02 0.00000000e+00 
6.38297872e-02 6.38297872e-02 0.00000000e+00 
6.50118203e-02 6.50118203e-02 0.00000000e+00 
6.61938534e-02 6.61938534e-02 0.00000000e+00 
6.73758865e-02 6.73758865e-02 0.00000000e+00 
6.85579196e-02 6.85579196e-02 0.00000000e+00 
6.97399527e-02 6.97399527e-02 0.00000000e+00 
7.09219858e-02 7.09219858e-02 0.00000000e+00 
7.21040189e-02 7.21040189e-02 0.00000000e+00 
7.32860520e-02 7.32860520e-02 0.00000000e+00 
7.44680851e-02 7.44680851e-02 0.00000000e+00 
7.56501182e-02 7.56501182e-02 0.00000000e+00 
7.68321513e-02 7.68321513e-02 0.00000000e+00 
7.80141844e-02 7.80141844e-02 0.00000000e+00 
7.91962175e-02 7.91962175e-02 0.00000000e+00 
8.03782506e-02 8.03782506e-02 0.00000000e+00 
8.15602837e-02 8.15602837e-02 0.00000000e+00 
8.27423168e-02 8.27423168e-02 0.00000000e+00 
8.39243499e-02 8.39243499e-02 0.00000000e+00 
8.51063830e-02 8.51063830e-02 0.00000000e+00 
8.62884161e-02 8.62884161e-02 0.00000000e+00 
8.74704492e-02 8.74704492e-02 0.00000000e+00 
8.86524823e-02 8.86524823e-02 0.00000000e+00 
8.98345154e-02 8.98345154e-02 0.00000000e+00 
9.10165485e-02 9.10165485e-02 0.00000000e+00 
9.21985816e-02 9.21985816e-02 0.00000000e+00 
9.33806147e-02 9.33806147e-02 0.00000000e+00 
9.45626478e-02 9.45626478e-02 0.00000000e+00 
9.57446809e-02 9.57446809e-02 0.00000000e+00 
9.69267139e-02 9.69267139e-02 0.00000000e+00 
9.81087470e-02 9.81087470e-02 0.00000000e+00 
9.92907801e-02 9.92907801e-02 0.00000000e+00 
1.00472813e-01 1.00472813e-01 0.00000000e+00 
1.01654846e-01 1.01654846e-01 0.00000000e+00 
1.02836879e-01 1.02836879e-01 0.00000000e+00 
1.04018913e-01 1.04018913e-01 0.00000000e+00 
1.05200946e-01 1.05200946e-01 0.00000000e+00 
1.06382979e-01 1.06382979e-01 0.00000000e+00 
1.07565012e-01 1.07565012e-01 0.00000000e+00 
1.08747045e-01 1.08747045e-01 0.00000000e+00 
1.09929078e-01 1.09929078e-01 0.00000000e+00 
1.11111111e-01 1.11111111e-01 0.00000000e+00 
1.12293144e-01 1.12293144e-01 0.00000000e+00 
1.13475177e-01 1.13475177e-01 0.00000000e+00 
1.14657210e-01 1.14657210e-01 0.00000000e+00 
1.15839243e-01 1.15839243e-01 0.00000000e+00 
1.17021277e-01 1.17021277e-01 0.00000000e+00 
1.18203310e-01 1.18203310e-01 0.00000000e+00 N
1.17021277e-01 1.19385343e-01 0.00000000e+00 
1.15839243e-01 1.20567376e-01 0.00000000e+00 
1.14657210e-01 1.21749409e-01 0.00000000e+00 
1.13475177e-01 1.22931442e-01 0.00000000e+00 
1.12293144e-01 1.24113475e-01 0.00000000e+00 
1.11111111e-01 1.25295508e-01 0.00000000e+00 
1.09929078e-01 1.26477541e-01 0.00000000e+00 
1.08747045e-01 1.27659574e-01 0.00000000e+00 
1.07565012e-01 1.28841608e-01 0.00000000e+00 
1.06382979e-01 1.30023641e-01 0.00000000e+00 
1.05200946e-01 1.31205674e-01 0.00000000e+00 
1.04018913e-01 1.32387707e-01 0.00000000e+00 
1.02836879e-01 1.33569740e-01 0.00000000e+00 
1.01654846e-01 1.34751773e-01 0.00000000e+00 
1.00472813e-01 1.35933806e-01 0.00000000e+00 
9.92907801e-02 1.37115839e-01 0.00000000e+00 
9.81087470e-02 1.38297872e-01 0.00000000e+00 
9.69267139e-02 1.39479905e-01 0.00000000e+00 
9.57446809e-02 1.40661939e-01 0.00000000e+00 
9.45626478e-02 1.41843972e-01 0.00000000e+00 
9.33806147e-02 1.43026005e-01 0.00000000e+00 
9.21985816e-02 1.44208038e-01 0.00000000e+00 
9.10165485e-02 1.45390071e-01 0.00000000e+00 
8.98345154e-02 1.46572104e-01 0.00000000e+00 
8.86524823e-02 1.47754137e-01 0.00000000e+00 
8.74704492e-02 1.48936170e-01 0.00000000e+00 
8.62884161e-02 1.50118203e-01 0.00000000e+00 
8.51063830e-02 1.51300236e-01 0.00000000e+00 
8.39243499e-02 1.52482270e-01 0.00000000e+00 
8.27423168e-02 1.53664303e-01 0.00000000e+00 
8.15602837e-02 1.54846336e-01 0.00000000e+00 
8.03782506e-02 1.56028369e-01 0.00000000e+00 
7.91962175e-02 1.57210402e-01 0.00000000e+00 
7.80141844e-02 1.58392435e-01 0.00000000e+00 
7.68321513e-02 1.59574468e-01 0.00000000e+00 
7.56501182e-02 1.60756501e-01 0.00000000e+00 
7.44680851e-02 1.61938534e-01 0.00000000e+00 
7.32860520e-02 1.63120567e-01 0.00000000e+00 
7.21040189e-02 1.64302600e-01 0.00000000e+00 
7.09219858e-02 1.65484634e-01 0.00000000e+00 
6.97399527e-02 1.66666667e-01 0.00000000e+00 
6.85579196e-02 1.67848700e-01 0.00000000e+00 
6.73758865e-02 1.69030733e-01 0.00000000e+00 
6.61938534e-02 1.70212766e-01 0.00000000e+00 
6.50118203e-02 1.71394799e-01 0.00000000e+00 
6.38297872e-02 1.72576832e-01 0.00000000e+00 
6.26477541e-02 1.73758865e-01 0.00000000e+00 
6.14657210e-02 1.74940898e-01 0.00000000e+00 
6.02836879e-02 1.76122931e-01 0.00000000e+00 
5.91016548e-02 1.77304965e-01 0.00000000e+00 
5.79196217e-02 1.78486998e-01 0.00000000e+00 
5.67375887e-02 1.79669031e-01 0.00000000e+00 
5.55555556e-02 1.80851064e-01 0.00000000e+00 
5.43735225e-02 1.82033097e-01 0.00000000e+00 
5.31914894e-02 1.83215130e-01 0.00000000e+00 
5.20094563e-02 1.84397163e-01 0.00000000e+00 
5.08274232e-02 1.85579196e-01 0.00000000e+00 
4.96453901e-02 1.86761229e-01 0.00000000e+00 
4.84633570e-02 1.87943262e-01 0.00000000e+00 
4.72813239e-02 1.89125296e-01 0.00000000e+00 
4.60992908e-02 1.90307329e-01 0.00000000e+00 
4.49172577e-02 1.91489362e-01 0.00000000e+00 
4.37352246e-02 1.92671395e-01 0.00000000e+00 
4.25531915e-02 1.93853428e-01 0.00000000e+00 
4.13711584e-02 1.95035461e-01 0.00000000e+00 
4.01891253e-02 1.96217494e-01 0.00000000e+00 
3.90070922e-02 1.97399527e-01 0.00000000e+00 
3.78250591e-02 1.98581560e-01 0.00000000e+00 
3.66430260e-02 1.99763593e-01 0.00000000e+00 
3.54609929e-02 2.00945626e-01 0.00000000e+00 
3.42789598e-02 2.02127660e-01 0.00000000e+00 
3.30969267e-02 2.03309693e-01 0.00000000e+00 
3.19148936e-02 2.04491726e-01 0.00000000e+00 
3.07328605e-02 2.05673759e-01 0.00000000e+00 
2.95508274e-02 2.06855792e-01 0.00000000e+00 
2.83687943e-02 2.08037825e-01 0.00000000e+00 
2.71867612e-02 2.09219858e-01 0.00000000e+00 
2.60047281e-02 2.10401891e-01 0.00000000e+00 
2.48226950e-02 2.11583924e-01 0.00000000e+00 
2.36406619e-02 2.12765957e-01 0.00000000e+00 
2.24586288e-02 2.13947991e-01 0.00000000e+00 
2.12765957e-02 2.15130024e-01 0.00000000e+00 
2.00945626e-02 2.16312057e-01 0.00000000e+00 
1.89125296e-02 2.17494090e-01 0.00000000e+00 
1.77304965e-02 2.18676123e-01 0.00000000e+00 
1.65484634e-02 2.19858156e-01 0.00000000e+00 
1.53664303e-02 2.21040189e-01 0.00000000e+00 
1.41843972e-02 2.22222222e-01 0.00000000e+00 
1.30023641e-02 2.23404255e-01 0.00000000e+00 
1.18203310e-02 2.24586288e-01 0.00000000e+00 
1.06382979e-02 2.25768322e-01 0.00000000e+00 
9.45626478e-03 2.26950355e-01 0.00000000e+00 
8.27423168e-03 2.28132388e-01 0.00000000e+00 
7.09219858e-03 2.29314421e-01 0.00000000e+00 
5.91016548e-03 2.30496454e-01 0.00000000e+00 
4.72813239e-03 2.31678487e-01 0.00000000e+00 
3.54609929e-03 2.32860520e-01 0.00000000e+00 
2.36406619e-03 2.34042553e-01 0.00000000e+00 
1.18203310e-03 2.35224586e-01 0.00000000e+00 
0.00000000e+00 2.36406619e-01 0.00000000e+00 H
