0.00000000e+00 0.00000000e+00 0.00000000e+00 G-H
2.34065960e-03 0.00000000e+00 0.00000000e+00 
4.68131920e-03 0.00000000e+00 0.00000000e+00 
7.02197879e-03 0.00000000e+00 0.00000000e+00 
9.36263839e-03 0.00000000e+00 0.00000000e+00 
1.17032980e-02 0.00000000e+00 0.00000000e+00 
1.40439576e-02 0.00000000e+00 0.00000000e+00 
1.63846172e-02 0.00000000e+00 0.00000000e+00 
1.87252768e-02 0.00000000e+00 0.00000000e+00 
2.10659364e-02 0.00000000e+00 0.00000000e+00 
2.34065960e-02 0.00000000e+00 0.00000000e+00 
2.57472556e-02 0.00000000e+00 0.00000000e+00 
2.80879152e-02 0.00000000e+00 0.00000000e+00 
3.04285748e-02 0.00000000e+00 0.00000000e+00 
3.27692344e-02 0.00000000e+00 0.00000000e+00 
3.51098940e-02 0.00000000e+00 0.00000000e+00 
3.74505536e-02 0.00000000e+00 0.00000000e+00 
3.97912132e-02 0.00000000e+00 0.00000000e+00 
4.21318728e-02 0.00000000e+00 0.00000000e+00 
4.44725324e-02 0.00000000e+00 0.00000000e+00 
4.68131920e-02 0.00000000e+00 0.00000000e+00 
4.91538516e-02 0.00000000e+00 0.00000000e+00 
5.14945112e-02 0.00000000e+00 0.00000000e+00 
5.38351708e-02 0.00000000e+00 0.00000000e+00 
5.61758303e-02 0.00000000e+00 0.00000000e+00 
5.85164899e-02 0.00000000e+00 0.00000000e+00 
6.08571495e-02 0.00000000e+00 0.00000000e+00 
6.31978091e-02 0.00000000e+00 0.00000000e+00 
6.55384687e-02 0.00000000e+00 0.00000000e+00 
6.78791283e-02 0.00000000e+00 0.00000000e+00 
7.02197879e-02 0.00000000e+00 0.00000000e+00 
7.25604475e-02 0.00000000e+00 0.00000000e+00 
7.49011071e-02 0.00000000e+00 0.00000000e+00 
7.72417667e-02 0.00000000e+00 0.00000000e+00 
7.95824263e-02 0.00000000e+00 0.00000000e+00 
8.19230859e-02 0.00000000e+00 0.00000000e+00 
8.42637455e-02 0.00000000e+00 0.00000000e+00 
8.66044051e-02 0.00000000e+00 0.00000000e+00 
8.89450647e-02 0.00000000e+00 0.00000000e+00 
9.12857243e-02 0.00000000e+00 0.00000000e+00 
9.36263839e-02 0.00000000e+00 0.00000000e+00 
9.59670435e-02 0.00000000e+00 0.00000000e+00 
9.83077031e-02 0.00000000e+00 0.00000000e+00 
1.00648363e-01 0.00000000e+00 0.00000000e+00 
1.02989022e-01 0.00000000e+00 0.00000000e+00 
1.05329682e-01 0.00000000e+00 0.00000000e+00 
1.07670342e-01 0.00000000e+00 0.00000000e+00 
1.10011001e-01 0.00000000e+00 0.00000000e+00 
1.12351661e-01 0.00000000e+00 0.00000000e+00 
1.14692320e-01 0.00000000e+00 0.00000000e+00 
1.17032980e-01 0.00000000e+00 0.00000000e+00 
1.19373639e-01 0.00000000e+00 0.00000000e+00 
1.21714299e-01 0.00000000e+00 0.00000000e+00 
1.24054959e-01 0.00000000e+00 0.00000000e+00 
1.26395618e-01 0.00000000e+00 0.00000000e+00 
1.28736278e-01 0.00000000e+00 0.00000000e+00 
1.31076937e-01 0.00000000e+00 0.00000000e+00 
1.33417597e-01 0.00000000e+00 0.00000000e+00 
1.35758257e-01 0.00000000e+00 0.00000000e+00 
1.38098916e-01 0.00000000e+00 0.00000000e+00 
1.40439576e-01 0.00000000e+00 0.00000000e+00 
1.42780235e-01 0.00000000e+00 0.00000000e+00 
1.45120895e-01 0.00000000e+00 0.00000000e+00 
1.47461555e-01 0.00000000e+00 0.00000000e+00 
1.49802214e-01 0.00000000e+00 0.00000000e+00 
1.52142874e-01 0.00000000e+00 0.00000000e+00 
1.54483533e-01 0.00000000e+00 0.00000000e+00 
1.56824193e-01 0.00000000e+00 0.00000000e+00 
1.59164853e-01 0.00000000e+00 0.00000000e+00 
1.61505512e-01 0.00000000e+00 0.00000000e+00 
1.63846172e-01 0.00000000e+00 0.00000000e+00 
1.66186831e-01 0.00000000e+00 0.00000000e+00 
1.68527491e-01 0.00000000e+00 0.00000000e+00 
1.70868151e-01 0.00000000e+00 0.00000000e+00 
1.73208810e-01 0.00000000e+00 0.00000000e+00 
1.75549470e-01 0.00000000e+00 0.00000000e+00 
1.77890129e-01 0.00000000e+00 0.00000000e+00 
1.80230789e-01 0.00000000e+00 0.00000000e+00 
1.82571449e-01 0.00000000e+00 0.00000000e+00 
1.84912108e-01 0.00000000e+00 0.00000000e+00 
1.87252768e-01 0.00000000e+00 0.00000000e+00 
1.89593427e-01 0.00000000e+00 0.00000000e+00 
1.91934087e-01 0.00000000e+00 0.00000000e+00 
1.94274747e-01 0.00000000e+00 0.00000000e+00 
1.96615406e-01 0.00000000e+00 0.00000000e+00 
1.98956066e-01 0.00000000e+00 0.00000000e+00 
2.01296725e-01 0.00000000e+00 0.00000000e+00 
2.03637385e-01 0.00000000e+00 0.00000000e+00 
2.05978045e-01 0.00000000e+00 0.00000000e+00 
2.08318704e-01 0.00000000e+00 0.00000000e+00 
2.10659364e-01 0.00000000e+00 0.00000000e+00 
2.13000023e-01 0.00000000e+00 0.00000000e+00 
2.15340683e-01 0.00000000e+00 0.00000000e+00 
2.17681343e-01 0.00000000e+00 0.00000000e+00 
2.20022002e-01 0.00000000e+00 0.00000000e+00 
2.22362662e-01 0.00000000e+00 0.00000000e+00 
2.24703321e-01 0.00000000e+00 0.00000000e+00 
2.27043981e-01 0.00000000e+00 0.00000000e+00 
2.29384641e-01 0.00000000e+00 0.00000000e+00 
2.31725300e-01 0.00000000e+00 0.00000000e+00 
2.34065960e-01 0.00000000e+00 0.00000000e+00 
2.36406619e-01 0.00000000e+00 0.00000000e+00 H-N
2.35236290e-01 1.17032980e-03 0.00000000e+00 
2.34065960e-01 2.34065960e-03 0.00000000e+00 
2.32895630e-01 3.51098940e-03 0.00000000e+00 
2.31725300e-01 4.68131920e-03 0.00000000e+00 
2.30554970e-01 5.85164899e-03 0.00000000e+00 
2.29384641e-01 7.02197879e-03 0.00000000e+00 
2.28214311e-01 8.19230859e-03 0.00000000e+00 
2.27043981e-01 9.36263839e-03 0.00000000e+00 
2.25873651e-01 1.05329682e-02 0.00000000e+00 
2.24703321e-01 1.17032980e-02 0.00000000e+00 
2.23532992e-01 1.28736278e-02 0.00000000e+00 
2.22362662e-01 1.40439576e-02 0.00000000e+00 
2.21192332e-01 1.52142874e-02 0.00000000e+00 
2.20022002e-01 1.63846172e-02 0.00000000e+00 
2.18851672e-01 1.75549470e-02 0.00000000e+00 
2.17681343e-01 1.87252768e-02 0.00000000e+00 
2.16511013e-01 1.98956066e-02 0.00000000e+00 
2.15340683e-01 2.10659364e-02 0.00000000e+00 
2.14170353e-01 2.22362662e-02 0.00000000e+00 
2.13000023e-01 2.34065960e-02 0.00000000e+00 
2.11829694e-01 2.45769258e-02 0.00000000e+00 
2.10659364e-01 2.57472556e-02 0.00000000e+00 
2.09489034e-01 2.69175854e-02 0.00000000e+00 
2.08318704e-01 2.80879152e-02 0.00000000e+00 
2.07148374e-01 2.92582450e-02 0.00000000e+00 
2.05978045e-01 3.04285748e-02 0.00000000e+00 
2.04807715e-01 3.15989046e-02 0.00000000e+00 
2.03637385e-01 3.27692344e-02 0.00000000e+00 
2.02467055e-01 3.39395642e-02 0.00000000e+00 
2.01296725e-01 3.51098940e-02 0.00000000e+00 
2.00126396e-01 3.62802238e-02 0.00000000e+00 
1.98956066e-01 3.74505536e-02 0.00000000e+00 
1.97785736e-01 3.86208834e-02 0.00000000e+00 
1.96615406e-01 3.97912132e-02 0.00000000e+00 
1.95445076e-01 4.09615430e-02 0.00000000e+00 
1.94274747e-01 4.21318728e-02 0.00000000e+00 
1.93104417e-01 4.33022026e-02 0.00000000e+00 
1.91934087e-01 4.44725324e-02 0.00000000e+00 
1.90763757e-01 4.56428622e-02 0.00000000e+00 
1.89593427e-01 4.68131920e-02 0.00000000e+00 
1.88423098e-01 4.79835218e-02 0.00000000e+00 
1.87252768e-01 4.91538516e-02 0.00000000e+00 
1.86082438e-01 5.03241814e-02 0.00000000e+00 
1.84912108e-01 5.14945112e-02 0.00000000e+00 
1.83741778e-01 5.26648410e-02 0.00000000e+00 
1.82571449e-01 5.38351708e-02 0.00000000e+00 
1.81401119e-01 5.50055006e-02 0.00000000e+00 
1.80230789e-01 5.61758303e-02 0.00000000e+00 
1.79060459e-01 5.73461601e-02 0.00000000e+00 
1.77890129e-01 5.85164899e-02 0.00000000e+00 
1.76719800e-01 5.96868197e-02 0.00000000e+00 
1.75549470e-01 6.08571495e-02 0.00000000e+00 
1.74379140e-01 6.20274793e-02 0.00000000e+00 
1.73208810e-01 6.31978091e-02 0.00000000e+00 
1.72038480e-01 6.43681389e-02 0.00000000e+00 
1.70868151e-01 6.55384687e-02 0.00000000e+00 
1.69697821e-01 6.67087985e-02 0.00000000e+00 
1.68527491e-01 6.78791283e-02 0.00000000e+00 
1.67357161e-01 6.90494581e-02 0.00000000e+00 
1.66186831e-01 7.02197879e-02 0.00000000e+00 
1.65016502e-01 7.13901177e-02 0.00000000e+00 
1.63846172e-01 7.25604475e-02 0.00000000e+00 
1.62675842e-01 7.37307773e-02 0.00000000e+00 
1.61505512e-01 7.49011071e-02 0.00000000e+00 
1.60335182e-01 7.60714369e-02 0.00000000e+00 
1.59164853e-01 7.72417667e-02 0.00000000e+00 
1.57994523e-01 7.84120965e-02 0.00000000e+00 
1.56824193e-01 7.95824263e-02 0.00000000e+00 
1.55653863e-01 8.07527561e-02 0.00000000e+00 
1.54483533e-01 8.19230859e-02 0.00000000e+00 
1.53313204e-01 8.30934157e-02 0.00000000e+00 
1.52142874e-01 8.42637455e-02 0.00000000e+00 
1.50972544e-01 8.54340753e-02 0.00000000e+00 
1.49802214e-01 8.66044051e-02 0.00000000e+00 
1.48631884e-01 8.77747349e-02 0.00000000e+00 
1.47461555e-01 8.89450647e-02 0.00000000e+00 
1.46291225e-01 9.01153945e-02 0.00000000e+00 
1.45120895e-01 9.12857243e-02 0.00000000e+00 
1.43950565e-01 9.24560541e-02 0.00000000e+00 
1.42780235e-01 9.36263839e-02 0.00000000e+00 
1.41609906e-01 9.47967137e-02 0.00000000e+00 
1.40439576e-01 9.59670435e-02 0.00000000e+00 
1.39269246e-01 9.71373733e-02 0.00000000e+00 
1.38098916e-01 9.83077031e-02 0.00000000e+00 
1.36928586e-01 9.94780329e-02 0.00000000e+00 
1.35758257e-01 1.00648363e-01 0.00000000e+00 
1.34587927e-01 1.01818693e-01 0.00000000e+00 
1.33417597e-01 1.02989022e-01 0.00000000e+00 
1.32247267e-01 1.04159352e-01 0.00000000e+00 
1.31076937e-01 1.05329682e-01 0.00000000e+00 
1.29906608e-01 1.06500012e-01 0.00000000e+00 
1.28736278e-01 1.07670342e-01 0.00000000e+00 
1.27565948e-01 1.08840671e-01 0.00000000e+00 
1.26395618e-01 1.10011001e-01 0.00000000e+00 
1.25225288e-01 1.11181331e-01 0.00000000e+00 
1.24054959e-01 1.12351661e-01 0.00000000e+00 
1.22884629e-01 1.13521990e-01 0.00000000e+00 
1.21714299e-01 1.14692320e-01 0.00000000e+00 
1.20543969e-01 1.15862650e-01 0.00000000e+00 
1.19373639e-01 1.17032980e-01 0.00000000e+00 
1.18203310e-01 1.18203310e-01 0.00000000e+00 N-G
1.17032980e-01 1.17032980e-01 0.00000000e+00 
1.15862650e-01 1.15862650e-01 0.00000000e+00 
1.14692320e-01 1.14692320e-01 0.00000000e+00 
1.13521990e-01 1.13521990e-01 0.00000000e+00 
1.12351661e-01 1.12351661e-01 0.00000000e+00 
1.11181331e-01 1.11181331e-01 0.00000000e+00 
1.10011001e-01 1.10011001e-01 0.00000000e+00 
1.08840671e-01 1.08840671e-01 0.00000000e+00 
1.07670342e-01 1.07670342e-01 0.00000000e+00 
1.06500012e-01 1.06500012e-01 0.00000000e+00 
1.05329682e-01 1.05329682e-01 0.00000000e+00 
1.04159352e-01 1.04159352e-01 0.00000000e+00 
1.02989022e-01 1.02989022e-01 0.00000000e+00 
1.01818693e-01 1.01818693e-01 0.00000000e+00 
1.00648363e-01 1.00648363e-01 0.00000000e+00 
9.94780329e-02 9.94780329e-02 0.00000000e+00 
9.83077031e-02 9.83077031e-02 0.00000000e+00 
9.71373733e-02 9.71373733e-02 0.00000000e+00 
9.59670435e-02 9.59670435e-02 0.00000000e+00 
9.47967137e-02 9.47967137e-02 0.00000000e+00 
9.36263839e-02 9.36263839e-02 0.00000000e+00 
9.24560541e-02 9.24560541e-02 0.00000000e+00 
9.12857243e-02 9.12857243e-02 0.00000000e+00 
9.01153945e-02 9.01153945e-02 0.00000000e+00 
8.89450647e-02 8.89450647e-02 0.00000000e+00 
8.77747349e-02 8.77747349e-02 0.00000000e+00 
8.66044051e-02 8.66044051e-02 0.00000000e+00 
8.54340753e-02 8.54340753e-02 0.00000000e+00 
8.42637455e-02 8.42637455e-02 0.00000000e+00 
8.30934157e-02 8.30934157e-02 0.00000000e+00 
8.19230859e-02 8.19230859e-02 0.00000000e+00 
8.07527561e-02 8.07527561e-02 0.00000000e+00 
7.95824263e-02 7.95824263e-02 0.00000000e+00 
7.84120965e-02 7.84120965e-02 0.00000000e+00 
7.72417667e-02 7.72417667e-02 0.00000000e+00 
7.60714369e-02 7.60714369e-02 0.00000000e+00 
7.49011071e-02 7.49011071e-02 0.00000000e+00 
7.37307773e-02 7.37307773e-02 0.00000000e+00 
7.25604475e-02 7.25604475e-02 0.00000000e+00 
7.13901177e-02 7.13901177e-02 0.00000000e+00 
7.02197879e-02 7.02197879e-02 0.00000000e+00 
6.90494581e-02 6.90494581e-02 0.00000000e+00 
6.78791283e-02 6.78791283e-02 0.00000000e+00 
6.67087985e-02 6.67087985e-02 0.00000000e+00 
6.55384687e-02 6.55384687e-02 0.00000000e+00 
6.43681389e-02 6.43681389e-02 0.00000000e+00 
6.31978091e-02 6.31978091e-02 0.00000000e+00 
6.20274793e-02 6.20274793e-02 0.00000000e+00 
6.08571495e-02 6.08571495e-02 0.00000000e+00 
5.96868197e-02 5.96868197e-02 0.00000000e+00 
5.85164899e-02 5.85164899e-02 0.00000000e+00 
5.73461601e-02 5.73461601e-02 0.00000000e+00 
5.61758303e-02 5.61758303e-02 0.00000000e+00 
5.50055006e-02 5.50055006e-02 0.00000000e+00 
5.38351708e-02 5.38351708e-02 0.00000000e+00 
5.26648410e-02 5.26648410e-02 0.00000000e+00 
5.14945112e-02 5.14945112e-02 0.00000000e+00 
5.03241814e-02 5.03241814e-02 0.00000000e+00 
4.91538516e-02 4.91538516e-02 0.00000000e+00 
4.79835218e-02 4.79835218e-02 0.00000000e+00 
4.68131920e-02 4.68131920e-02 0.00000000e+00 
4.56428622e-02 4.56428622e-02 0.00000000e+00 
4.44725324e-02 4.44725324e-02 0.00000000e+00 
4.33022026e-02 4.33022026e-02 0.00000000e+00 
4.21318728e-02 4.21318728e-02 0.00000000e+00 
4.09615430e-02 4.09615430e-02 0.00000000e+00 
3.97912132e-02 3.97912132e-02 0.00000000e+00 
3.86208834e-02 3.86208834e-02 0.00000000e+00 
3.74505536e-02 3.74505536e-02 0.00000000e+00 
3.62802238e-02 3.62802238e-02 0.00000000e+00 
3.51098940e-02 3.51098940e-02 0.00000000e+00 
3.39395642e-02 3.39395642e-02 0.00000000e+00 
3.27692344e-02 3.27692344e-02 0.00000000e+00 
3.15989046e-02 3.15989046e-02 0.00000000e+00 
3.04285748e-02 3.04285748e-02 0.00000000e+00 
2.92582450e-02 2.92582450e-02 0.00000000e+00 
2.80879152e-02 2.80879152e-02 0.00000000e+00 
2.69175854e-02 2.69175854e-02 0.00000000e+00 
2.57472556e-02 2.57472556e-02 0.00000000e+00 
2.45769258e-02 2.45769258e-02 0.00000000e+00 
2.34065960e-02 2.34065960e-02 0.00000000e+00 
2.22362662e-02 2.22362662e-02 0.00000000e+00 
2.10659364e-02 2.10659364e-02 0.00000000e+00 
1.98956066e-02 1.98956066e-02 0.00000000e+00 
1.87252768e-02 1.87252768e-02 0.00000000e+00 
1.75549470e-02 1.75549470e-02 0.00000000e+00 
1.63846172e-02 1.63846172e-02 0.00000000e+00 
1.52142874e-02 1.52142874e-02 0.00000000e+00 
1.40439576e-02 1.40439576e-02 0.00000000e+00 
1.28736278e-02 1.28736278e-02 0.00000000e+00 
1.17032980e-02 1.17032980e-02 0.00000000e+00 
1.05329682e-02 1.05329682e-02 0.00000000e+00 
9.36263839e-03 9.36263839e-03 0.00000000e+00 
8.19230859e-03 8.19230859e-03 0.00000000e+00 
7.02197879e-03 7.02197879e-03 0.00000000e+00 
5.85164899e-03 5.85164899e-03 0.00000000e+00 
4.68131920e-03 4.68131920e-03 0.00000000e+00 
3.51098940e-03 3.51098940e-03 0.00000000e+00 
2.34065960e-03 2.34065960e-03 0.00000000e+00 
1.17032980e-03 1.17032980e-03 0.00000000e+00 
0.00000000e+00 0.00000000e+00 0.00000000e+00 G-P
1.17032980e-03 1.17032980e-03 1.17032980e-03 
2.34065960e-03 2.34065960e-03 2.34065960e-03 
3.51098940e-03 3.51098940e-03 3.51098940e-03 
4.68131920e-03 4.68131920e-03 4.68131920e-03 
5.85164899e-03 5.85164899e-03 5.85164899e-03 
7.02197879e-03 7.02197879e-03 7.02197879e-03 
8.19230859e-03 8.19230859e-03 8.19230859e-03 
9.36263839e-03 9.36263839e-03 9.36263839e-03 
1.05329682e-02 1.05329682e-02 1.05329682e-02 
1.17032980e-02 1.17032980e-02 1.17032980e-02 
1.28736278e-02 1.28736278e-02 1.28736278e-02 
1.40439576e-02 1.40439576e-02 1.40439576e-02 
1.52142874e-02 1.52142874e-02 1.52142874e-02 
1.63846172e-02 1.63846172e-02 1.63846172e-02 
1.75549470e-02 1.75549470e-02 1.75549470e-02 
1.87252768e-02 1.87252768e-02 1.87252768e-02 
1.98956066e-02 1.98956066e-02 1.98956066e-02 
2.10659364e-02 2.10659364e-02 2.10659364e-02 
2.22362662e-02 2.22362662e-02 2.22362662e-02 
2.34065960e-02 2.34065960e-02 2.34065960e-02 
2.45769258e-02 2.45769258e-02 2.45769258e-02 
2.57472556e-02 2.57472556e-02 2.57472556e-02 
2.69175854e-02 2.69175854e-02 2.69175854e-02 
2.80879152e-02 2.80879152e-02 2.80879152e-02 
2.92582450e-02 2.92582450e-02 2.92582450e-02 
3.04285748e-02 3.04285748e-02 3.04285748e-02 
3.15989046e-02 3.15989046e-02 3.15989046e-02 
3.27692344e-02 3.27692344e-02 3.27692344e-02 
3.39395642e-02 3.39395642e-02 3.39395642e-02 
3.51098940e-02 3.51098940e-02 3.51098940e-02 
3.62802238e-02 3.62802238e-02 3.62802238e-02 
3.74505536e-02 3.74505536e-02 3.74505536e-02 
3.86208834e-02 3.86208834e-02 3.86208834e-02 
3.97912132e-02 3.97912132e-02 3.97912132e-02 
4.09615430e-02 4.09615430e-02 4.09615430e-02 
4.21318728e-02 4.21318728e-02 4.21318728e-02 
4.33022026e-02 4.33022026e-02 4.33022026e-02 
4.44725324e-02 4.44725324e-02 4.44725324e-02 
4.56428622e-02 4.56428622e-02 4.56428622e-02 
4.68131920e-02 4.68131920e-02 4.68131920e-02 
4.79835218e-02 4.79835218e-02 4.79835218e-02 
4.91538516e-02 4.91538516e-02 4.91538516e-02 
5.03241814e-02 5.03241814e-02 5.03241814e-02 
5.14945112e-02 5.14945112e-02 5.14945112e-02 
5.26648410e-02 5.26648410e-02 5.26648410e-02 
5.38351708e-02 5.38351708e-02 5.38351708e-02 
5.50055006e-02 5.50055006e-02 5.50055006e-02 
5.61758303e-02 5.61758303e-02 5.61758303e-02 
5.73461601e-02 5.73461601e-02 5.73461601e-02 
5.85164899e-02 5.85164899e-02 5.85164899e-02 
5.96868197e-02 5.96868197e-02 5.96868197e-02 
6.08571495e-02 6.08571495e-02 6.08571495e-02 
6.20274793e-02 6.20274793e-02 6.20274793e-02 
6.31978091e-02 6.31978091e-02 6.31978091e-02 
6.43681389e-02 6.43681389e-02 6.43681389e-02 
6.55384687e-02 6.55384687e-02 6.55384687e-02 
6.67087985e-02 6.67087985e-02 6.67087985e-02 
6.78791283e-02 6.78791283e-02 6.78791283e-02 
6.90494581e-02 6.90494581e-02 6.90494581e-02 
7.02197879e-02 7.02197879e-02 7.02197879e-02 
7.13901177e-02 7.13901177e-02 7.13901177e-02 
7.25604475e-02 7.25604475e-02 7.25604475e-02 
7.37307773e-02 7.37307773e-02 7.37307773e-02 
7.49011071e-02 7.49011071e-02 7.49011071e-02 
7.60714369e-02 7.60714369e-02 7.60714369e-02 
7.72417667e-02 7.72417667e-02 7.72417667e-02 
7.84120965e-02 7.84120965e-02 7.84120965e-02 
7.95824263e-02 7.95824263e-02 7.95824263e-02 
8.07527561e-02 8.07527561e-02 8.07527561e-02 
8.19230859e-02 8.19230859e-02 8.19230859e-02 
8.30934157e-02 8.30934157e-02 8.30934157e-02 
8.42637455e-02 8.42637455e-02 8.42637455e-02 
8.54340753e-02 8.54340753e-02 8.54340753e-02 
8.66044051e-02 8.66044051e-02 8.66044051e-02 
8.77747349e-02 8.77747349e-02 8.77747349e-02 
8.89450647e-02 8.89450647e-02 8.89450647e-02 
9.01153945e-02 9.01153945e-02 9.01153945e-02 
9.12857243e-02 9.12857243e-02 9.12857243e-02 
9.24560541e-02 9.24560541e-02 9.24560541e-02 
9.36263839e-02 9.36263839e-02 9.36263839e-02 
9.47967137e-02 9.47967137e-02 9.47967137e-02 
9.59670435e-02 9.59670435e-02 9.59670435e-02 
9.71373733e-02 9.71373733e-02 9.71373733e-02 
9.83077031e-02 9.83077031e-02 9.83077031e-02 
9.94780329e-02 9.94780329e-02 9.94780329e-02 
1.00648363e-01 1.00648363e-01 1.00648363e-01 
1.01818693e-01 1.01818693e-01 1.01818693e-01 
1.02989022e-01 1.02989022e-01 1.02989022e-01 
1.04159352e-01 1.04159352e-01 1.04159352e-01 
1.05329682e-01 1.05329682e-01 1.05329682e-01 
1.06500012e-01 1.06500012e-01 1.06500012e-01 
1.07670342e-01 1.07670342e-01 1.07670342e-01 
1.08840671e-01 1.08840671e-01 1.08840671e-01 
1.10011001e-01 1.10011001e-01 1.10011001e-01 
1.11181331e-01 1.11181331e-01 1.11181331e-01 
1.12351661e-01 1.12351661e-01 1.12351661e-01 
1.13521990e-01 1.13521990e-01 1.13521990e-01 
1.14692320e-01 1.14692320e-01 1.14692320e-01 
1.15862650e-01 1.15862650e-01 1.15862650e-01 
1.17032980e-01 1.17032980e-01 1.17032980e-01 
1.18203310e-01 1.18203310e-01 1.18203310e-01 P-H
1.19373639e-01 1.17032980e-01 1.17032980e-01 
1.20543969e-01 1.15862650e-01 1.15862650e-01 
1.21714299e-01 1.14692320e-01 1.14692320e-01 
1.22884629e-01 1.13521990e-01 1.13521990e-01 
1.24054959e-01 1.12351661e-01 1.12351661e-01 
1.25225288e-01 1.11181331e-01 1.11181331e-01 
1.26395618e-01 1.10011001e-01 1.10011001e-01 
1.27565948e-01 1.08840671e-01 1.08840671e-01 
1.28736278e-01 1.07670342e-01 1.07670342e-01 
1.29906608e-01 1.06500012e-01 1.06500012e-01 
1.31076937e-01 1.05329682e-01 1.05329682e-01 
1.32247267e-01 1.04159352e-01 1.04159352e-01 
1.33417597e-01 1.02989022e-01 1.02989022e-01 
1.34587927e-01 1.01818693e-01 1.01818693e-01 
1.35758257e-01 1.00648363e-01 1.00648363e-01 
1.36928586e-01 9.94780329e-02 9.94780329e-02 
1.38098916e-01 9.83077031e-02 9.83077031e-02 
1.39269246e-01 9.71373733e-02 9.71373733e-02 
1.40439576e-01 9.59670435e-02 9.59670435e-02 
1.41609906e-01 9.47967137e-02 9.47967137e-02 
1.42780235e-01 9.36263839e-02 9.36263839e-02 
1.43950565e-01 9.24560541e-02 9.24560541e-02 
1.45120895e-01 9.12857243e-02 9.12857243e-02 
1.46291225e-01 9.01153945e-02 9.01153945e-02 
1.47461555e-01 8.89450647e-02 8.89450647e-02 
1.48631884e-01 8.77747349e-02 8.77747349e-02 
1.49802214e-01 8.66044051e-02 8.66044051e-02 
1.50972544e-01 8.54340753e-02 8.54340753e-02 
1.52142874e-01 8.42637455e-02 8.42637455e-02 
1.53313204e-01 8.30934157e-02 8.30934157e-02 
1.54483533e-01 8.19230859e-02 8.19230859e-02 
1.55653863e-01 8.07527561e-02 8.07527561e-02 
1.56824193e-01 7.95824263e-02 7.95824263e-02 
1.57994523e-01 7.84120965e-02 7.84120965e-02 
1.59164853e-01 7.72417667e-02 7.72417667e-02 
1.60335182e-01 7.60714369e-02 7.60714369e-02 
1.61505512e-01 7.49011071e-02 7.49011071e-02 
1.62675842e-01 7.37307773e-02 7.37307773e-02 
1.63846172e-01 7.25604475e-02 7.25604475e-02 
1.65016502e-01 7.13901177e-02 7.13901177e-02 
1.66186831e-01 7.02197879e-02 7.02197879e-02 
1.67357161e-01 6.90494581e-02 6.90494581e-02 
1.68527491e-01 6.78791283e-02 6.78791283e-02 
1.69697821e-01 6.67087985e-02 6.67087985e-02 
1.70868151e-01 6.55384687e-02 6.55384687e-02 
1.72038480e-01 6.43681389e-02 6.43681389e-02 
1.73208810e-01 6.31978091e-02 6.31978091e-02 
1.74379140e-01 6.20274793e-02 6.20274793e-02 
1.75549470e-01 6.08571495e-02 6.08571495e-02 
1.76719800e-01 5.96868197e-02 5.96868197e-02 
1.77890129e-01 5.85164899e-02 5.85164899e-02 
1.79060459e-01 5.73461601e-02 5.73461601e-02 
1.80230789e-01 5.61758303e-02 5.61758303e-02 
1.81401119e-01 5.50055006e-02 5.50055006e-02 
1.82571449e-01 5.38351708e-02 5.38351708e-02 
1.83741778e-01 5.26648410e-02 5.26648410e-02 
1.84912108e-01 5.14945112e-02 5.14945112e-02 
1.86082438e-01 5.03241814e-02 5.03241814e-02 
1.87252768e-01 4.91538516e-02 4.91538516e-02 
1.88423098e-01 4.79835218e-02 4.79835218e-02 
1.89593427e-01 4.68131920e-02 4.68131920e-02 
1.90763757e-01 4.56428622e-02 4.56428622e-02 
1.91934087e-01 4.44725324e-02 4.44725324e-02 
1.93104417e-01 4.33022026e-02 4.33022026e-02 
1.94274747e-01 4.21318728e-02 4.21318728e-02 
1.95445076e-01 4.09615430e-02 4.09615430e-02 
1.96615406e-01 3.97912132e-02 3.97912132e-02 
1.97785736e-01 3.86208834e-02 3.86208834e-02 
1.98956066e-01 3.74505536e-02 3.74505536e-02 
2.00126396e-01 3.62802238e-02 3.62802238e-02 
2.01296725e-01 3.51098940e-02 3.51098940e-02 
2.02467055e-01 3.39395642e-02 3.39395642e-02 
2.03637385e-01 3.27692344e-02 3.27692344e-02 
2.04807715e-01 3.15989046e-02 3.15989046e-02 
2.05978045e-01 3.04285748e-02 3.04285748e-02 
2.07148374e-01 2.92582450e-02 2.92582450e-02 
2.08318704e-01 2.80879152e-02 2.80879152e-02 
2.09489034e-01 2.69175854e-02 2.69175854e-02 
2.10659364e-01 2.57472556e-02 2.57472556e-02 
2.11829694e-01 2.45769258e-02 2.45769258e-02 
2.13000023e-01 2.34065960e-02 2.34065960e-02 
2.14170353e-01 2.22362662e-02 2.22362662e-02 
2.15340683e-01 2.10659364e-02 2.10659364e-02 
2.16511013e-01 1.98956066e-02 1.98956066e-02 
2.17681343e-01 1.87252768e-02 1.87252768e-02 
2.18851672e-01 1.75549470e-02 1.75549470e-02 
2.20022002e-01 1.63846172e-02 1.63846172e-02 
2.21192332e-01 1.52142874e-02 1.52142874e-02 
2.22362662e-01 1.40439576e-02 1.40439576e-02 
2.23532992e-01 1.28736278e-02 1.28736278e-02 
2.24703321e-01 1.17032980e-02 1.17032980e-02 
2.25873651e-01 1.05329682e-02 1.05329682e-02 
2.27043981e-01 9.36263839e-03 9.36263839e-03 
2.28214311e-01 8.19230859e-03 8.19230859e-03 
2.29384641e-01 7.02197879e-03 7.02197879e-03 
2.30554970e-01 5.85164899e-03 5.85164899e-03 
2.31725300e-01 4.68131920e-03 4.68131920e-03 
2.32895630e-01 3.51098940e-03 3.51098940e-03 
2.34065960e-01 2.34065960e-03 2.34065960e-03 
2.35236290e-01 1.17032980e-03 1.17032980e-03 
