0 -9.94262137e+00 -4.77927929e+00 -4.77927929e+00 -4.77927231e+00 -3.25147207e+00 -3.25147200e+00 2.71616949e+01 2.71618155e+01 2.71618155e+01 3.24151885e+01 3.24152406e+01 3.24152406e+01 4.39738650e+01 4.39738658e+01 5.98605285e+01 000-100
1 -9.94148071e+00 -4.77983832e+00 -4.77876512e+00 -4.77876045e+00 -3.25211430e+00 -3.25121536e+00 2.71473393e+01 2.71474198e+01 2.71596147e+01 3.24109305e+01 3.24304177e+01 3.24304525e+01 4.39590934e+01 4.39749063e+01 5.98589799e+01 
2 -9.93805919e+00 -4.78152165e+00 -4.77722270e+00 -4.77721804e+00 -3.25403983e+00 -3.25044556e+00 2.71046504e+01 2.71047302e+01 2.71531340e+01 3.23980677e+01 3.24755604e+01 3.24755958e+01 4.39148482e+01 4.39780305e+01 5.98543789e+01 
3 -9.93235825e+00 -4.78432485e+00 -4.77465233e+00 -4.77464769e+00 -3.25724491e+00 -3.24916314e+00 2.70350815e+01 2.70351604e+01 2.71423395e+01 3.23766800e+01 3.25492351e+01 3.25492714e+01 4.38413405e+01 4.39832445e+01 5.98468589e+01 
4 -9.92438030e+00 -4.78824439e+00 -4.77105453e+00 -4.77104989e+00 -3.26172336e+00 -3.24736895e+00 2.69407546e+01 2.69408324e+01 2.71272404e+01 3.23468428e+01 3.26493441e+01 3.26493815e+01 4.37389221e+01 4.39905587e+01 5.98366355e+01 
5 -9.91412873e+00 -4.79327532e+00 -4.76643000e+00 -4.76642537e+00 -3.26746647e+00 -3.24506419e+00 2.68242283e+01 2.68243048e+01 2.71078487e+01 3.23086605e+01 3.27733630e+01 3.27734017e+01 4.36080862e+01 4.39999877e+01 5.98239972e+01 
6 -9.90160790e+00 -4.79941131e+00 -4.76077966e+00 -4.76077504e+00 -3.27446307e+00 -3.24225042e+00 2.66882329e+01 2.66883081e+01 2.70841793e+01 3.22622662e+01 3.29186047e+01 3.29186448e+01 4.34494669e+01 4.40115504e+01 5.98092935e+01 
7 -9.88682323e+00 -4.80664464e+00 -4.75410463e+00 -4.75410002e+00 -3.28269941e+00 -3.23892951e+00 2.65354603e+01 2.65355340e+01 2.70562483e+01 3.22078202e+01 3.30824298e+01 3.30824713e+01 4.32638384e+01 4.40252696e+01 5.97929206e+01 
8 -9.86978118e+00 -4.81496619e+00 -4.74640624e+00 -4.74640164e+00 -3.29215923e+00 -3.23510371e+00 2.63684246e+01 2.63684969e+01 2.70240722e+01 3.21455092e+01 3.32623853e+01 3.32624283e+01 4.30521125e+01 4.40411724e+01 5.97753063e+01 
9 -9.85048930e+00 -4.82436550e+00 -4.73768605e+00 -4.73768146e+00 -3.30282367e+00 -3.23077560e+00 2.61893881e+01 2.61894589e+01 2.69876670e+01 3.20755444e+01 3.34562788e+01 3.34563233e+01 4.28153347e+01 4.40592901e+01 5.97568947e+01 
10 -9.82895626e+00 -4.83483075e+00 -4.72794581e+00 -4.72794124e+00 -3.31467128e+00 -3.22594811e+00 2.60003353e+01 2.60004048e+01 2.69470463e+01 3.19981607e+01 3.36622035e+01 3.36622495e+01 4.25546783e+01 4.40796579e+01 5.97381320e+01 
11 -9.80519194e+00 -4.84634880e+00 -4.71718751e+00 -4.71718296e+00 -3.32767792e+00 -3.22062452e+00 2.58029791e+01 2.58030472e+01 2.69022200e+01 3.19136140e+01 3.38785325e+01 3.38785799e+01 4.22714360e+01 4.41023151e+01 5.97194524e+01 
12 -9.77920746e+00 -4.85890518e+00 -4.70541337e+00 -4.70540884e+00 -3.34181680e+00 -3.21480844e+00 2.55987822e+01 2.55988491e+01 2.68531924e+01 3.18221802e+01 3.41038957e+01 3.41039445e+01 4.19670100e+01 4.41273052e+01 5.97012679e+01 
13 -9.75101524e+00 -4.87248414e+00 -4.69262584e+00 -4.69262133e+00 -3.35705835e+00 -3.20850386e+00 2.53889879e+01 2.53890536e+01 2.67999605e+01 3.17241529e+01 3.43371499e+01 3.43372000e+01 4.16429001e+01 4.41546756e+01 5.96839582e+01 
14 -9.72062910e+00 -4.88706868e+00 -4.67882760e+00 -4.67882312e+00 -3.37337021e+00 -3.20171509e+00 2.51746502e+01 2.51747147e+01 2.67425113e+01 3.16198413e+01 3.45773470e+01 3.45773983e+01 4.13006899e+01 4.41844776e+01 5.96678647e+01 
15 -9.68806435e+00 -4.90264056e+00 -4.66402159e+00 -4.66401713e+00 -3.39071716e+00 -3.19444682e+00 2.49566634e+01 2.49567267e+01 2.66808201e+01 3.15095685e+01 3.48237047e+01 3.48237573e+01 4.09420326e+01 4.42167666e+01 5.96532854e+01 
16 -9.65333788e+00 -4.91918031e+00 -4.64821100e+00 -4.64820657e+00 -3.40906102e+00 -3.18670407e+00 2.47357878e+01 2.47358501e+01 2.66148478e+01 3.13936691e+01 3.50755801e+01 3.50756339e+01 4.05686358e+01 4.42516019e+01 5.96404731e+01 
17 -9.61646828e+00 -4.93666732e+00 -4.63139929e+00 -4.63139488e+00 -3.42836060e+00 -3.17849223e+00 2.45126724e+01 2.45127336e+01 2.65445382e+01 3.12724871e+01 3.53324466e+01 3.53325015e+01 4.01822465e+01 4.42890463e+01 5.96296346e+01 
18 -9.57747595e+00 -4.95507981e+00 -4.61359019e+00 -4.61358581e+00 -3.44857157e+00 -3.16981703e+00 2.42878727e+01 2.42879330e+01 2.64698156e+01 3.11463742e+01 3.55938751e+01 3.55939311e+01 3.97846362e+01 4.43291668e+01 5.96209318e+01 
19 -9.53638329e+00 -4.97439491e+00 -4.59478772e+00 -4.59478338e+00 -3.46964640e+00 -3.16068458e+00 2.40618671e+01 2.40619265e+01 2.63905817e+01 3.10156873e+01 3.58595178e+01 3.58595749e+01 3.93775877e+01 4.43720339e+01 5.96144842e+01 
20 -9.49321482e+00 -4.99458869e+00 -4.57499622e+00 -4.57499191e+00 -3.49153419e+00 -3.15110132e+00 2.38350692e+01 2.38351277e+01 2.63067133e+01 3.08807869e+01 3.61290949e+01 3.61291530e+01 3.89628825e+01 4.44177218e+01 5.96103718e+01 
21 -9.44799739e+00 -5.01563618e+00 -4.55422030e+00 -4.55421603e+00 -3.51418057e+00 -3.14107407e+00 2.36078383e+01 2.36078959e+01 2.62180591e+01 3.07420349e+01 3.64023838e+01 3.64024429e+01 3.85422894e+01 4.44663081e+01 5.96086391e+01 
22 -9.40076037e+00 -5.03751143e+00 -4.53246496e+00 -4.53246072e+00 -3.53752752e+00 -3.13060999e+00 2.33804879e+01 2.33805446e+01 2.61244376e+01 3.05997930e+01 3.66792102e+01 3.66792702e+01 3.81175556e+01 4.45178740e+01 5.96092990e+01 
23 -9.35153590e+00 -5.06018758e+00 -4.50973550e+00 -4.50973130e+00 -3.56151320e+00 -3.11971664e+00 2.31532929e+01 2.31533488e+01 2.60256345e+01 3.04544208e+01 3.69594401e+01 3.69595011e+01 3.76903984e+01 4.45725041e+01 5.96123375e+01 
24 -9.30035914e+00 -5.08363685e+00 -4.48603760e+00 -4.48603345e+00 -3.58607175e+00 -3.10840189e+00 2.29264952e+01 2.29265504e+01 2.59214012e+01 3.03062744e+01 3.72429742e+01 3.72430363e+01 3.72624989e+01 4.46302861e+01 5.96177179e+01 
25 -9.24726856e+00 -5.10783063e+00 -4.46137733e+00 -4.46137322e+00 -3.61113307e+00 -3.09667401e+00 2.27003086e+01 2.27003630e+01 2.58114536e+01 3.01557045e+01 3.68354954e+01 3.75297430e+01 3.75298058e+01 4.46913109e+01 5.96253847e+01 
26 -9.19230627e+00 -5.13273952e+00 -4.43576117e+00 -4.43575710e+00 -3.63662252e+00 -3.08454163e+00 2.24749224e+01 2.24749760e+01 2.56954722e+01 3.00030556e+01 3.64109808e+01 3.78197008e+01 3.78197646e+01 4.47556724e+01 5.96352683e+01 
27 -9.13551838e+00 -5.15833339e+00 -4.40919601e+00 -4.40919199e+00 -3.66246069e+00 -3.07201372e+00 2.22505050e+01 2.22505579e+01 2.55731032e+01 2.98486641e+01 3.59904957e+01 3.81128243e+01 3.81128889e+01 4.48234674e+01 5.96472884e+01 
28 -9.07695543e+00 -5.18458141e+00 -4.38168921e+00 -4.38168524e+00 -3.68856298e+00 -3.05909966e+00 2.20272065e+01 2.20272588e+01 2.54439611e+01 2.96928578e+01 3.55755249e+01 3.84091079e+01 3.84091733e+01 4.48947951e+01 5.96613581e+01 
29 -9.01667282e+00 -5.21145214e+00 -4.35324861e+00 -4.35324469e+00 -3.71483928e+00 -3.04580915e+00 2.18051610e+01 2.18052126e+01 2.53076345e+01 2.95359545e+01 3.51674910e+01 3.87085618e+01 3.87086280e+01 4.49697574e+01 5.96773873e+01 
30 -8.95473133e+00 -5.23891357e+00 -4.32388253e+00 -4.32387866e+00 -3.74119347e+00 -3.03215229e+00 2.15844884e+01 2.15845394e+01 2.51636924e+01 2.93782610e+01 3.47677472e+01 3.90112094e+01 3.90112764e+01 4.50484584e+01 5.96952864e+01 
31 -8.89119771e+00 -5.26693314e+00 -4.29359986e+00 -4.29359605e+00 -3.76752301e+00 -3.01813952e+00 2.13652964e+01 2.13653468e+01 2.50116951e+01 2.92200731e+01 3.43775683e+01 3.93170853e+01 3.93171532e+01 4.51310043e+01 5.97149694e+01 
32 -8.82614526e+00 -5.29547787e+00 -4.26241005e+00 -4.26240629e+00 -3.79371830e+00 -3.00378166e+00 2.11476816e+01 2.11477313e+01 2.48512066e+01 2.90616741e+01 3.39981384e+01 3.96262338e+01 3.96263024e+01 4.52175030e+01 5.97363572e+01 
33 -8.75965458e+00 -5.32451437e+00 -4.23032312e+00 -4.23031943e+00 -3.81966207e+00 -2.98908990e+00 2.09317308e+01 2.09317800e+01 2.46818109e+01 2.89033348e+01 3.36305371e+01 3.99387070e+01 3.99387764e+01 4.53080639e+01 5.97593816e+01 
34 -8.69181435e+00 -5.35400890e+00 -4.19734976e+00 -4.19734613e+00 -3.84522873e+00 -2.97407579e+00 2.07175224e+01 2.07175710e+01 2.45031301e+01 2.87453132e+01 3.32757226e+01 4.02545634e+01 4.02546335e+01 4.54027979e+01 5.97839881e+01 
35 -8.62272210e+00 -5.38392743e+00 -4.16350132e+00 -4.16349775e+00 -3.87028352e+00 -2.95875122e+00 2.05051270e+01 2.05051750e+01 2.43148441e+01 2.85878537e+01 3.29345133e+01 4.05738669e+01 4.05739378e+01 4.55018164e+01 5.98101400e+01 
36 -8.55248523e+00 -5.41423572e+00 -4.12878986e+00 -4.12878635e+00 -3.89468168e+00 -2.94312847e+00 2.02946083e+01 2.02946558e+01 2.41167120e+01 2.84311876e+01 3.26075683e+01 4.08966852e+01 4.08967568e+01 4.56052317e+01 5.98378222e+01 
37 -8.48122197e+00 -5.44489935e+00 -4.09322817e+00 -4.09322473e+00 -3.91826751e+00 -2.92722018e+00 2.00860241e+01 2.00860710e+01 2.39085908e+01 2.82755326e+01 3.22953683e+01 4.12230891e+01 4.12231614e+01 4.57131559e+01 5.98670460e+01 
38 -8.40906244e+00 -5.47588381e+00 -4.05682986e+00 -4.05682649e+00 -3.94087335e+00 -2.91103932e+00 1.98794267e+01 1.98794731e+01 2.36904533e+01 2.81210927e+01 3.19981989e+01 4.15531507e+01 4.15532237e+01 4.58257012e+01 5.98978530e+01 
39 -8.33614980e+00 -5.50715449e+00 -4.01960936e+00 -4.01960607e+00 -3.96231848e+00 -2.89459924e+00 1.96748639e+01 1.96749098e+01 2.34624005e+01 2.79680588e+01 3.17161366e+01 4.18869433e+01 4.18870170e+01 4.59429788e+01 5.99303216e+01 
40 -8.26264141e+00 -5.53867683e+00 -3.98240817e+00 -3.98158200e+00 -3.98157863e+00 -2.87791362e+00 1.94723790e+01 1.94724245e+01 2.32246687e+01 2.78166082e+01 3.14490399e+01 4.22245397e+01 4.22246140e+01 4.60650988e+01 5.99645719e+01 
41 -8.18871004e+00 -5.57041629e+00 -4.00093177e+00 -3.94276402e+00 -3.94276087e+00 -2.86099650e+00 1.92720122e+01 1.92720571e+01 2.29776304e+01 2.76669055e+01 3.11965465e+01 4.25660113e+01 4.25660863e+01 4.61921694e+01 6.00007732e+01 
42 -8.11454492e+00 -5.60233843e+00 -4.01766313e+00 -3.90317265e+00 -3.90316958e+00 -2.84386226e+00 1.90738000e+01 1.90738445e+01 2.27217876e+01 2.75191022e+01 3.09580746e+01 4.29114273e+01 4.29115030e+01 4.63242966e+01 6.00391515e+01 
43 -8.04035289e+00 -5.63440899e+00 -4.03235804e+00 -3.86282615e+00 -3.86282316e+00 -2.82652561e+00 1.88777766e+01 1.88778206e+01 2.24577596e+01 2.73733376e+01 3.07328306e+01 4.32608537e+01 4.32609299e+01 4.64615833e+01 6.00799975e+01 
44 -7.96635910e+00 -5.66659390e+00 -4.04475423e+00 -3.82174387e+00 -3.82174097e+00 -2.80900160e+00 1.86839738e+01 1.86840174e+01 2.21862656e+01 2.72297388e+01 3.05198196e+01 4.36143518e+01 4.36144287e+01 4.66041286e+01 6.01236767e+01 
45 -7.89280761e+00 -5.69885936e+00 -4.05457063e+00 -3.77994629e+00 -3.77994347e+00 -2.79130557e+00 1.84924214e+01 1.84924645e+01 2.19081033e+01 2.70884210e+01 3.03178583e+01 4.39719781e+01 4.39720556e+01 4.67520273e+01 6.01706390e+01 
46 -7.81996158e+00 -5.73117181e+00 -4.06150734e+00 -3.73745510e+00 -3.73745237e+00 -2.77345323e+00 1.83031480e+01 1.83031907e+01 2.16241269e+01 2.69494886e+01 3.01255894e+01 4.43337820e+01 4.43338600e+01 4.69053688e+01 6.02214305e+01 
47 -7.74810250e+00 -5.76349809e+00 -4.06524615e+00 -3.69429325e+00 -3.69429061e+00 -2.75546057e+00 1.81161807e+01 1.81162230e+01 2.13352234e+01 2.68130349e+01 2.99414936e+01 4.46998057e+01 4.46998843e+01 4.70642366e+01 6.02767048e+01 
48 -7.67752899e+00 -5.79580538e+00 -4.06545193e+00 -3.65048499e+00 -3.65048244e+00 -2.73734387e+00 1.79315459e+01 1.79315878e+01 2.10422911e+01 2.66791427e+01 2.97639024e+01 4.50700827e+01 4.50701618e+01 4.72287069e+01 6.03372353e+01 
49 -7.60855436e+00 -5.82806131e+00 -4.06177497e+00 -3.60605594e+00 -3.60605349e+00 -2.71911970e+00 1.77492692e+01 1.77493107e+01 2.07462192e+01 2.65478852e+01 2.95910079e+01 4.54446365e+01 4.54447162e+01 4.73988482e+01 6.04039264e+01 
50 -7.54150315e+00 -5.86023391e+00 -4.05385465e+00 -3.56103320e+00 -3.56103085e+00 -2.70080494e+00 1.75693762e+01 1.75694174e+01 2.04478706e+01 2.64193263e+01 2.94208727e+01 4.58234793e+01 4.58235594e+01 4.75747195e+01 6.04778243e+01 
51 -7.47670599e+00 -5.89229175e+00 -4.04132440e+00 -3.51544535e+00 -3.51544309e+00 -2.68241671e+00 1.73918923e+01 1.73919330e+01 2.01480651e+01 2.62935208e+01 2.92514399e+01 4.62066110e+01 4.62066916e+01 4.77563700e+01 6.05601247e+01 
52 -7.41449333e+00 -5.92420388e+00 -4.02381820e+00 -3.46932251e+00 -3.46932035e+00 -2.66397239e+00 1.72168428e+01 1.72168832e+01 1.98475663e+01 2.61705152e+01 2.90805458e+01 4.65940176e+01 4.65940987e+01 4.79438372e+01 6.06521769e+01 
53 -7.35518762e+00 -5.95593992e+00 -4.00097848e+00 -3.42269645e+00 -3.42269440e+00 -2.64548959e+00 1.70442536e+01 1.70442937e+01 1.95470688e+01 2.60503480e+01 2.89059384e+01 4.69856702e+01 4.69857517e+01 4.81371462e+01 6.07554827e+01 
54 -7.29909441e+00 -5.98747003e+00 -3.97246529e+00 -3.37560068e+00 -3.37559873e+00 -2.62698620e+00 1.68741513e+01 1.68741910e+01 1.92471869e+01 2.59330508e+01 2.87253036e+01 4.73815225e+01 4.73816044e+01 4.83363078e+01 6.08716857e+01 
55 -7.24649260e+00 -6.01876498e+00 -3.93796622e+00 -3.32807040e+00 -3.32806856e+00 -2.60848026e+00 1.67065630e+01 1.67066024e+01 1.89484429e+01 2.58186476e+01 2.85363030e+01 4.77815105e+01 4.77815928e+01 4.85413179e+01 6.10025520e+01 
56 -7.19762460e+00 -6.04979618e+00 -3.89720656e+00 -3.28014265e+00 -3.28014092e+00 -2.58999003e+00 1.65415168e+01 1.65415558e+01 1.86512553e+01 2.57071566e+01 2.83366261e+01 4.81855504e+01 4.81856331e+01 4.87521552e+01 6.11499369e+01 
57 -7.15268726e+00 -6.08053561e+00 -3.84995907e+00 -3.23185640e+00 -3.23185478e+00 -2.57153397e+00 1.63790418e+01 1.63790805e+01 1.83559275e+01 2.55985896e+01 2.81240599e+01 4.85935365e+01 4.85936196e+01 4.89687801e+01 6.13157362e+01 
58 -7.11182392e+00 -6.11095596e+00 -3.79605220e+00 -3.18325251e+00 -3.18325100e+00 -2.55313068e+00 1.62191685e+01 1.62192068e+01 1.80626341e+01 2.54929532e+01 2.78965756e+01 4.90053403e+01 4.90054238e+01 4.91911332e+01 6.15018228e+01 
59 -7.07511893e+00 -6.14103056e+00 -3.73537642e+00 -3.13437385e+00 -3.13437246e+00 -2.53479891e+00 1.60619283e+01 1.60619664e+01 1.77714088e+01 2.53902487e+01 2.76524329e+01 4.94191331e+01 4.94208086e+01 4.94208928e+01 6.17099653e+01 
60 -7.04259482e+00 -6.17073343e+00 -3.66788782e+00 -3.08526534e+00 -3.08526406e+00 -2.51655752e+00 1.59073543e+01 1.59073921e+01 1.74821314e+01 2.52904728e+01 2.73902979e+01 4.96526770e+01 4.98397613e+01 4.98398453e+01 6.19417339e+01 
61 -7.01421252e+00 -6.20003924e+00 -3.59360888e+00 -3.03597404e+00 -3.03597289e+00 -2.49842551e+00 1.57554813e+01 1.57555188e+01 1.71945174e+01 2.51936182e+01 2.71093679e+01 4.98916344e+01 5.02619897e+01 5.02620740e+01 6.21983956e+01 
62 -6.98987454e+00 -6.22892340e+00 -3.51262600e+00 -2.98654913e+00 -2.98654810e+00 -2.48042191e+00 1.56063452e+01 1.56063824e+01 1.69081096e+01 2.50996734e+01 2.68094925e+01 5.01358500e+01 5.06872553e+01 5.06873398e+01 6.24808077e+01 
63 -6.96943085e+00 -6.25736200e+00 -3.42508476e+00 -2.93704196e+00 -2.93704105e+00 -2.46256584e+00 1.54599840e+01 1.54600209e+01 1.66222765e+01 2.50086237e+01 2.64912790e+01 5.03851399e+01 5.11152876e+01 5.11153723e+01 6.27893177e+01 
64 -6.95268673e+00 -6.28533185e+00 -3.33118285e+00 -2.88750611e+00 -2.88750533e+00 -2.44487643e+00 1.53164369e+01 1.53164736e+01 1.63362191e+01 2.49204511e+01 2.61561651e+01 5.06392900e+01 5.15457822e+01 5.15458671e+01 6.31236810e+01 
65 -6.93941196e+00 -6.31281045e+00 -3.23116184e+00 -2.83799745e+00 -2.83799679e+00 -2.42737286e+00 1.51757455e+01 1.51757819e+01 1.60489898e+01 2.48351350e+01 2.58064466e+01 5.08980544e+01 5.19783990e+01 5.19784840e+01 6.34830062e+01 
66 -6.92935046e+00 -6.33977601e+00 -3.12529781e+00 -2.78857404e+00 -2.78857351e+00 -2.41007425e+00 1.50379526e+01 1.50379888e+01 1.57595249e+01 2.47526522e+01 2.54452427e+01 5.11611542e+01 5.24127613e+01 5.24128464e+01 6.38657390e+01 
67 -6.92222986e+00 -6.36620747e+00 -3.01389228e+00 -2.73929622e+00 -2.73929582e+00 -2.39299969e+00 1.49031032e+01 1.49031391e+01 1.54666970e+01 2.46729775e+01 2.50763962e+01 5.14282752e+01 5.28484533e+01 5.28485386e+01 6.42696881e+01 
68 -6.91777039e+00 -6.39208449e+00 -2.89726334e+00 -2.69022658e+00 -2.69022631e+00 -2.37616820e+00 1.47712436e+01 1.47712793e+01 1.51693829e+01 2.45960836e+01 2.47043055e+01 5.16990674e+01 5.32850197e+01 5.32851050e+01 6.46920952e+01 
69 -6.91569256e+00 -6.41738739e+00 -2.77573778e+00 -2.64142998e+00 -2.64142984e+00 -2.35959872e+00 1.46424225e+01 1.46424580e+01 1.48665493e+01 2.43336988e+01 2.45219420e+01 5.19731427e+01 5.37219629e+01 5.37220482e+01 6.51297425e+01 
70 -6.91572364e+00 -6.44209724e+00 -2.64964401e+00 -2.59297343e+00 -2.59297341e+00 -2.34331002e+00 1.45166898e+01 1.45167250e+01 1.45573453e+01 2.39693685e+01 2.44505226e+01 5.22500746e+01 5.41587435e+01 5.41588289e+01 6.55790914e+01 
71 -6.91760261e+00 -6.46619578e+00 -2.54492619e+00 -2.54492608e+00 -2.51930660e+00 -2.32732077e+00 1.42411954e+01 1.43940974e+01 1.43941324e+01 2.36158945e+01 2.43817944e+01 5.25293969e+01 5.45947788e+01 5.45948642e+01 6.60364348e+01 
72 -6.92108371e+00 -6.48966547e+00 -2.49735939e+00 -2.49735915e+00 -2.38504208e+00 -2.31164939e+00 1.39178779e+01 1.42746986e+01 1.42747334e+01 2.32773848e+01 2.43157255e+01 5.28106032e+01 5.50294422e+01 5.50295276e+01 6.64980516e+01 
73 -6.92593864e+00 -6.51248943e+00 -2.45034627e+00 -2.45034589e+00 -2.29631414e+00 -2.24715655e+00 1.35875757e+01 1.41585486e+01 1.41585832e+01 2.29572661e+01 2.42522834e+01 5.30931460e+01 5.54620625e+01 5.54621478e+01 6.69603472e+01 
74 -6.93195763e+00 -6.53465149e+00 -2.40396187e+00 -2.40396137e+00 -2.28133301e+00 -2.10594414e+00 1.32508885e+01 1.40457038e+01 1.40457382e+01 2.26581429e+01 2.41914352e+01 5.33764376e+01 5.58919250e+01 5.58920101e+01 6.74199721e+01 
75 -6.93894950e+00 -6.55613612e+00 -2.35828303e+00 -2.35828240e+00 -2.26672371e+00 -1.96168755e+00 1.29088052e+01 1.39362219e+01 1.39362562e+01 2.23817397e+01 2.41331478e+01 5.36598494e+01 5.63182711e+01 5.63183562e+01 6.78739076e+01 
76 -6.94674100e+00 -6.57692851e+00 -2.31338812e+00 -2.31338737e+00 -2.25250364e+00 -1.81465950e+00 1.25626374e+01 1.38301622e+01 1.38301962e+01 2.21289220e+01 2.40773879e+01 5.39427135e+01 5.67403001e+01 5.67403850e+01 6.83195200e+01 
77 -6.95517566e+00 -6.59701444e+00 -2.26935698e+00 -2.26935614e+00 -2.23868985e+00 -1.66512579e+00 1.22139295e+01 1.37275847e+01 1.37276186e+01 2.18997824e+01 2.40241225e+01 5.42243228e+01 5.71571692e+01 5.71572539e+01 6.87545802e+01 
78 -6.96411229e+00 -6.61638038e+00 -2.22627189e+00 -2.22627059e+00 -2.22529685e+00 -1.51334874e+00 1.18643556e+01 1.36285507e+01 1.36285844e+01 2.16937694e+01 2.39733189e+01 5.45039339e+01 5.75679972e+01 5.75680817e+01 6.91772592e+01 
79 -6.97342343e+00 -6.63501345e+00 -2.21234783e+00 -2.18421087e+00 -2.18420962e+00 -1.35959215e+00 1.15156227e+01 1.35331218e+01 1.35331553e+01 2.15098375e+01 2.39249447e+01 5.47807684e+01 5.79718660e+01 5.79719504e+01 6.95860996e+01 
80 -6.98299367e+00 -6.65290137e+00 -2.19985154e+00 -2.14326052e+00 -2.14325918e+00 -1.20412716e+00 1.11693897e+01 1.34413605e+01 1.34413939e+01 2.13465966e+01 2.38789681e+01 5.50540154e+01 5.83678236e+01 5.83679077e+01 6.99799724e+01 
81 -6.99271826e+00 -6.67003250e+00 -2.18782585e+00 -2.10350259e+00 -2.10350114e+00 -1.04723824e+00 1.08272081e+01 1.33533296e+01 1.33533628e+01 2.12024467e+01 2.38353580e+01 5.53228357e+01 5.87548882e+01 5.87549721e+01 7.03580283e+01 
82 -7.00250169e+00 -6.68639580e+00 -2.17628568e+00 -2.06502025e+00 -2.06501870e+00 -8.89230788e-01 1.04904887e+01 1.32690917e+01 1.32691248e+01 2.10756911e+01 2.37940840e+01 5.55863649e+01 5.91320527e+01 5.91321363e+01 7.07196437e+01 
83 -7.01225660e+00 -6.70198088e+00 -2.16524541e+00 -2.02789644e+00 -2.02789478e+00 -7.30439178e-01 1.01604894e+01 1.31887095e+01 1.31887425e+01 2.09646230e+01 2.37551167e+01 5.58437180e+01 5.94982894e+01 5.94983727e+01 7.10643699e+01 
84 -7.02190277e+00 -6.71677787e+00 -2.15471889e+00 -1.99221354e+00 -1.99221176e+00 -5.71236416e-01 9.83832323e+00 1.31122453e+01 1.31122781e+01 2.08675890e+01 2.37184278e+01 5.60939942e+01 5.98525551e+01 5.98526382e+01 7.13918861e+01 
85 -7.03136640e+00 -6.73077755e+00 -2.14471940e+00 -1.95805289e+00 -1.95805101e+00 -4.12044420e-01 9.52497807e+00 1.30397604e+01 1.30397931e+01 2.07830305e+01 2.36839898e+01 5.63362830e+01 6.01937983e+01 6.01938812e+01 7.17019599e+01 
86 -7.04057946e+00 -6.74397126e+00 -2.13525961e+00 -1.92549451e+00 -1.92549252e+00 -2.53346586e-01 9.22134764e+00 1.29713151e+01 1.29713478e+01 2.07095094e+01 2.36517767e+01 5.65696695e+01 6.05209655e+01 6.05210481e+01 7.19944146e+01 
87 -7.04947922e+00 -6.75635090e+00 -2.12635156e+00 -1.89461656e+00 -1.89461447e+00 -9.57018608e-02 8.92826743e+00 1.29069686e+01 1.29070011e+01 2.06457204e+01 2.36217634e+01 5.67932416e+01 6.08330084e+01 6.08330907e+01 7.22691034e+01 
88 -7.05800787e+00 -6.76790893e+00 -2.11800665e+00 -1.86549503e+00 -1.86549285e+00 6.02386690e-02 8.64655467e+00 1.28467782e+01 1.28468106e+01 2.05904941e+01 2.35939263e+01 5.70060966e+01 6.11288913e+01 6.11289734e+01 7.25258902e+01 
89 -7.06611228e+00 -6.77863838e+00 -2.11023559e+00 -1.83820320e+00 -1.83820093e+00 2.13713600e-01 8.37704857e+00 1.27907992e+01 1.27908315e+01 2.05427945e+01 2.35682433e+01 5.72073483e+01 6.14076000e+01 6.14076818e+01 7.27646384e+01 
90 -7.07374371e+00 -6.78853283e+00 -2.10304840e+00 -1.81281122e+00 -1.81280887e+00 3.63830333e-01 8.12065192e+00 1.27390845e+01 1.27391168e+01 2.05017121e+01 2.35446935e+01 5.73961352e+01 6.16681494e+01 6.16682310e+01 7.29852025e+01 
91 -7.08085775e+00 -6.79758638e+00 -2.09645437e+00 -1.78938567e+00 -1.78938324e+00 5.09543255e-01 7.87837082e+00 1.26916845e+01 1.26917166e+01 2.04664551e+01 2.35232576e+01 5.75716276e+01 6.19095929e+01 6.19096742e+01 7.31874254e+01 
92 -7.08741408e+00 -6.80579368e+00 -2.09046206e+00 -1.76798915e+00 -1.76798665e+00 6.49631840e-01 7.65135205e+00 1.26486462e+01 1.26486783e+01 2.04363397e+01 2.35039178e+01 5.77330353e+01 6.21310295e+01 6.21311106e+01 7.33711385e+01 
93 -7.09337648e+00 -6.81314991e+00 -2.08507926e+00 -1.74867977e+00 -1.74867720e+00 7.82682651e-01 7.44091367e+00 1.26100137e+01 1.26100457e+01 2.04107799e+01 2.34866580e+01 5.78796158e+01 6.23316139e+01 6.23316948e+01 7.35361648e+01 
94 -7.09871267e+00 -6.81965075e+00 -2.08031301e+00 -1.73151080e+00 -1.73150817e+00 9.07079018e-01 7.24856590e+00 1.25758270e+01 1.25758590e+01 2.03892782e+01 2.34714635e+01 5.80106812e+01 6.25105639e+01 6.25106445e+01 7.36823232e+01 
95 -7.10339431e+00 -6.82529243e+00 -2.07616952e+00 -1.71653025e+00 -1.71652758e+00 1.02100673e+00 7.07601372e+00 1.25461226e+01 1.25461545e+01 2.03714167e+01 2.34583213e+01 5.81256056e+01 6.26671681e+01 6.26672486e+01 7.38094341e+01 
96 -7.10739692e+00 -6.83007167e+00 -2.07265423e+00 -1.70378056e+00 -1.70377784e+00 1.12248484e+00 6.92513283e+00 1.25209322e+01 1.25209641e+01 2.03568491e+01 2.34472203e+01 5.82238318e+01 6.28007936e+01 6.28008740e+01 7.39173256e+01 
97 -7.11069984e+00 -6.83398571e+00 -2.06977176e+00 -1.69329818e+00 -1.69329543e+00 1.20943291e+00 6.79790729e+00 1.25002836e+01 1.25003155e+01 2.03452938e+01 2.34381507e+01 5.83048771e+01 6.29108929e+01 6.29109731e+01 7.40058398e+01 
98 -7.11328621e+00 -6.83703230e+00 -2.06752589e+00 -1.68511337e+00 -1.68511059e+00 1.27978196e+00 6.69632270e+00 1.24841996e+01 1.24842314e+01 2.03365283e+01 2.34311048e+01 5.83683389e+01 6.29970092e+01 6.29970893e+01 7.40748383e+01 
99 -7.11514295e+00 -6.83920969e+00 -2.06591958e+00 -1.67924992e+00 -1.67924712e+00 1.33162936e+00 6.62221411e+00 1.24726980e+01 1.24727298e+01 2.03303844e+01 2.34260765e+01 5.84138992e+01 6.30587819e+01 6.30588620e+01 7.41242078e+01 
100 -7.11626073e+00 -6.84051662e+00 -2.06495495e+00 -1.67572496e+00 -1.67572214e+00 1.36342247e+00 6.57708452e+00 1.24657918e+01 1.24658237e+01 2.03267443e+01 2.34230612e+01 5.84413280e+01 6.30959506e+01 6.30960306e+01 7.41538641e+01 
101 -7.11663394e+00 -6.84095234e+00 -2.06463327e+00 -1.67454882e+00 -1.67454600e+00 1.37413927e+00 6.56192562e+00 1.24634889e+01 1.24635207e+01 2.03255386e+01 2.34220564e+01 5.84504865e+01 6.31083577e+01 6.31084377e+01 7.41637554e+01 100-110
102 -7.11586966e+00 -6.84031945e+00 -2.06556207e+00 -1.67922543e+00 -1.67454306e+00 1.37959374e+00 6.56080057e+00 1.24566094e+01 1.24596083e+01 2.03403305e+01 2.34274550e+01 5.84331442e+01 6.30719643e+01 6.31086195e+01 7.41318908e+01 
103 -7.11357802e+00 -6.83842082e+00 -2.06834762e+00 -1.69315596e+00 -1.67453001e+00 1.39585414e+00 6.55742663e+00 1.24361249e+01 1.24479411e+01 2.03845148e+01 2.34436306e+01 5.83809071e+01 6.29630679e+01 6.31092837e+01 7.40375498e+01 
104 -7.10976268e+00 -6.83525660e+00 -2.07298737e+00 -1.71603830e+00 -1.67450832e+00 1.42262133e+00 6.55180754e+00 1.24026384e+01 1.24285712e+01 2.04575336e+01 2.34705226e+01 5.82931607e+01 6.27829084e+01 6.31103879e+01 7.38844269e+01 
105 -7.10442970e+00 -6.83082701e+00 -2.07947694e+00 -1.74740224e+00 -1.67447808e+00 1.45942764e+00 6.54394990e+00 1.23570762e+01 1.24016097e+01 2.05585087e+01 2.35080322e+01 5.81689357e+01 6.25334478e+01 6.31119279e+01 7.36784742e+01 
106 -7.09758759e+00 -6.82513237e+00 -2.08781007e+00 -1.78664774e+00 -1.67443940e+00 1.50567655e+00 6.53386378e+00 1.23006343e+01 1.23672080e+01 2.06863097e+01 2.35560245e+01 5.80069939e+01 6.22173554e+01 6.31138976e+01 7.34276017e+01 
107 -7.08924731e+00 -6.81817311e+00 -2.09797840e+00 -1.83308946e+00 -1.67439243e+00 1.56068709e+00 6.52156344e+00 1.22346982e+01 1.23255548e+01 2.08396321e+01 2.36143327e+01 5.78059538e+01 6.18379351e+01 6.31162896e+01 7.31412793e+01 
108 -7.07942228e+00 -6.80994971e+00 -2.10997130e+00 -1.88599954e+00 -1.67433736e+00 1.62373657e+00 6.50706826e+00 1.21607611e+01 1.22768715e+01 2.10170767e+01 2.36827618e+01 5.75644577e+01 6.13990383e+01 6.31190946e+01 7.28300596e+01 
109 -7.06812836e+00 -6.80046276e+00 -2.12377562e+00 -1.94464403e+00 -1.67427440e+00 1.69409689e+00 6.49040379e+00 1.20803511e+01 1.22214076e+01 2.12172200e+01 2.37610935e+01 5.72813736e+01 6.09049672e+01 6.31223017e+01 7.25050487e+01 
110 -7.05538395e+00 -6.78971292e+00 -2.13937538e+00 -2.00831062e+00 -1.67420379e+00 1.77106216e+00 6.47160289e+00 1.19949705e+01 1.21594353e+01 2.14386721e+01 2.38490911e+01 5.69560199e+01 6.03603718e+01 6.31258987e+01 7.21773622e+01 
111 -7.04120998e+00 -6.77770092e+00 -2.15675155e+00 -2.07632767e+00 -1.67412581e+00 1.85396762e+00 6.45070685e+00 1.19060496e+01 1.20912452e+01 2.16801193e+01 2.39465046e+01 5.65883875e+01 5.97701453e+01 6.31298715e+01 7.18576065e+01 
112 -7.02562998e+00 -6.76442757e+00 -2.17588168e+00 -2.14807542e+00 -1.67404077e+00 1.94220069e+00 6.42776653e+00 1.18149152e+01 1.20171407e+01 2.19403530e+01 2.40530755e+01 5.61793274e+01 5.91393225e+01 6.31342050e+01 7.15554339e+01 
113 -7.00867015e+00 -6.74989375e+00 -2.22299127e+00 -2.19673946e+00 -1.67394898e+00 2.03520601e+00 6.40284332e+00 1.17227707e+01 1.19374335e+01 2.22182855e+01 2.41685415e+01 5.57306689e+01 5.84729834e+01 6.31388825e+01 7.12792127e+01 
114 -6.99035941e+00 -6.73410039e+00 -2.30057012e+00 -2.21929481e+00 -1.67385082e+00 2.13248611e+00 6.37601000e+00 1.16306870e+01 1.18524395e+01 2.25129563e+01 2.42926408e+01 5.52452437e+01 5.77761656e+01 6.31438857e+01 7.10358430e+01 
115 -6.97072957e+00 -6.71704849e+00 -2.38036292e+00 -2.24351292e+00 -1.67374666e+00 2.23359912e+00 6.34735136e+00 1.15395997e+01 1.17624748e+01 2.28235307e+01 2.44251159e+01 5.47268068e+01 5.70537871e+01 6.31491956e+01 7.08307268e+01 
116 -6.94981541e+00 -6.69873911e+00 -2.46197238e+00 -2.26935433e+00 -1.67363691e+00 2.33815489e+00 6.31696449e+00 1.14503122e+01 1.16678522e+01 2.31492936e+01 2.45657167e+01 5.41798648e+01 5.63105808e+01 6.31547915e+01 7.06678774e+01 
117 -6.92765483e+00 -6.67917335e+00 -2.54504855e+00 -2.29677449e+00 -1.67352199e+00 2.44581022e+00 6.28495882e+00 1.13635018e+01 1.15688789e+01 2.34896384e+01 2.47142038e+01 5.36094424e+01 5.55510414e+01 6.31606519e+01 7.05501333e+01 
118 -6.90428906e+00 -6.65835237e+00 -2.62928383e+00 -2.32572337e+00 -1.67340236e+00 2.55626387e+00 6.25145580e+00 1.12797287e+01 1.14658534e+01 2.38440550e+01 2.48703505e+01 5.30208238e+01 5.47793840e+01 6.31667542e+01 7.04794315e+01 
119 -6.87976281e+00 -6.63627736e+00 -2.71440820e+00 -2.35614519e+00 -1.67327846e+00 2.66925158e+00 6.21658819e+00 1.11994450e+01 1.13590644e+01 2.42121140e+01 2.50339446e+01 5.24193049e+01 5.39995151e+01 6.31730747e+01 7.04570990e+01 
120 -6.85412453e+00 -6.61294957e+00 -2.80018468e+00 -2.38797805e+00 -1.67315079e+00 2.78454151e+00 6.18049914e+00 1.11230052e+01 1.12487889e+01 2.45934515e+01 2.52047903e+01 5.18099830e+01 5.32150138e+01 6.31795892e+01 7.04841266e+01 
121 -6.82742666e+00 -6.58837028e+00 -2.88640519e+00 -2.42115367e+00 -1.67301984e+00 2.90193003e+00 6.14334085e+00 1.10506763e+01 1.11352915e+01 2.49877511e+01 2.53827087e+01 5.11975970e+01 5.24291224e+01 6.31862723e+01 7.05614070e+01 
122 -6.79972591e+00 -6.56254083e+00 -2.97288691e+00 -2.45559699e+00 -1.67288612e+00 3.02123792e+00 6.10527307e+00 1.09826481e+01 1.10188236e+01 2.53947258e+01 2.55675392e+01 5.05864223e+01 5.16447457e+01 6.31930984e+01 7.06899260e+01 
123 -6.77108356e+00 -6.53546257e+00 -3.05946896e+00 -2.49122598e+00 -1.67275015e+00 3.14230711e+00 6.06646149e+00 1.08996231e+01 1.09190419e+01 2.57591392e+01 2.58140980e+01 4.99802144e+01 5.08644570e+01 6.32000410e+01 7.08709088e+01 
124 -6.74156583e+00 -6.50713690e+00 -3.14600962e+00 -2.52795122e+00 -1.67261245e+00 3.26499779e+00 6.02707588e+00 1.07779141e+01 1.08599203e+01 2.59573852e+01 2.62455783e+01 4.93821917e+01 5.00905090e+01 6.32070733e+01 7.11059246e+01 
125 -6.71124425e+00 -6.47756528e+00 -3.23238382e+00 -2.56567572e+00 -1.67247356e+00 3.38918584e+00 5.98728841e+00 1.06539073e+01 1.08052943e+01 2.61621723e+01 2.66888431e+01 4.87950479e+01 4.93248497e+01 6.32141681e+01 7.13969563e+01 
126 -6.68019605e+00 -6.44674919e+00 -3.31848102e+00 -2.60429452e+00 -1.67233401e+00 3.51476076e+00 5.94727189e+00 1.05278001e+01 1.07551317e+01 2.63734143e+01 2.71435105e+01 4.82209839e+01 4.85691410e+01 6.32212980e+01 7.17464410e+01 
127 -6.64850458e+00 -6.41469016e+00 -3.40420333e+00 -2.64369447e+00 -1.67219434e+00 3.64162370e+00 5.90719818e+00 1.03997770e+01 1.07093625e+01 2.65910435e+01 2.76091147e+01 4.76617507e+01 4.78247794e+01 6.32284354e+01 7.21572843e+01 
128 -6.61625983e+00 -6.38138976e+00 -3.48946394e+00 -2.68375388e+00 -1.67205511e+00 3.76968594e+00 5.86723679e+00 1.02700099e+01 1.06678857e+01 2.68150106e+01 2.80850796e+01 4.70929178e+01 4.71186972e+01 6.32355526e+01 7.26328512e+01 
129 -6.58355882e+00 -6.34684963e+00 -3.57418571e+00 -2.72434228e+00 -1.67191683e+00 3.89886745e+00 5.82755374e+00 1.01386591e+01 1.06305733e+01 2.70452841e+01 2.85706922e+01 4.63744875e+01 4.65928191e+01 6.32426222e+01 7.31769298e+01 
130 -6.55050618e+00 -6.31107145e+00 -3.65830001e+00 -2.76532007e+00 -1.67178005e+00 4.02909571e+00 5.78831052e+00 1.00058735e+01 1.05972751e+01 2.72818503e+01 2.90650767e+01 4.56702206e+01 4.60848049e+01 6.32496167e+01 7.37936652e+01 
131 -6.51721456e+00 -6.27405697e+00 -3.74174565e+00 -2.80653832e+00 -1.67164530e+00 4.16030470e+00 5.74966349e+00 9.87179126e+00 1.05678216e+01 2.75247129e+01 2.95671707e+01 4.49806715e+01 4.55950780e+01 6.32565091e+01 7.44874564e+01 
132 -6.48380519e+00 -6.23580801e+00 -3.82446800e+00 -2.84783847e+00 -1.67151310e+00 4.29243401e+00 5.71176335e+00 9.73654070e+00 1.05420272e+01 2.77738926e+01 3.00757056e+01 4.43062372e+01 4.51238327e+01 6.32632727e+01 7.52628055e+01 
133 -6.45040827e+00 -6.19632644e+00 -3.90641823e+00 -2.88905213e+00 -1.67138395e+00 4.42542807e+00 5.67475492e+00 9.60024067e+00 1.05196924e+01 2.80294266e+01 3.05891935e+01 4.36471769e+01 4.46710654e+01 6.32698813e+01 7.61241081e+01 
134 -6.41716342e+00 -6.15561425e+00 -3.98755259e+00 -2.93000097e+00 -1.67125836e+00 4.55923547e+00 5.63877711e+00 9.46300136e+00 1.05006052e+01 2.82913689e+01 3.11059230e+01 4.30036301e+01 4.42365988e+01 6.32763093e+01 7.70753715e+01 
135 -6.38421994e+00 -6.11367350e+00 -4.06783186e+00 -2.97049663e+00 -1.67113680e+00 4.69380843e+00 5.60396301e+00 9.32492485e+00 1.04845433e+01 2.85597893e+01 3.16239666e+01 4.23756331e+01 4.38201010e+01 6.32825318e+01 7.81198462e+01 
136 -6.35173699e+00 -6.07050636e+00 -4.14722081e+00 -3.01034087e+00 -1.67101976e+00 4.82910227e+00 5.57044005e+00 9.18610571e+00 1.04712749e+01 2.88347737e+01 3.21412028e+01 4.17631341e+01 4.34210985e+01 6.32885246e+01 7.92595582e+01 
137 -6.31988362e+00 -6.02611511e+00 -4.22568774e+00 -3.04932579e+00 -1.67090768e+00 4.96507494e+00 5.53833033e+00 9.04663164e+00 1.04605602e+01 2.91164238e+01 3.26553530e+01 4.11660074e+01 4.30389842e+01 6.32942645e+01 8.04947344e+01 
138 -6.28883847e+00 -5.98050216e+00 -4.30320414e+00 -3.08723436e+00 -1.67080098e+00 5.10168670e+00 5.50775081e+00 8.90658395e+00 1.04521526e+01 2.94048567e+01 3.31640347e+01 4.05840652e+01 4.26730209e+01 6.32997293e+01 8.18231205e+01 
139 -6.25878922e+00 -5.93367006e+00 -4.37974425e+00 -3.12384132e+00 -1.67070009e+00 5.23889975e+00 5.47881358e+00 8.76603816e+00 1.04458002e+01 2.97002051e+01 3.36648309e+01 4.00170687e+01 4.23223405e+01 6.33048977e+01 8.32392049e+01 
140 -6.22993162e+00 -5.88562152e+00 -4.45528483e+00 -3.15891432e+00 -1.67060539e+00 5.37667788e+00 5.45162597e+00 8.62506443e+00 1.04412477e+01 3.00026168e+01 3.41553701e+01 3.94647384e+01 4.19859395e+01 6.33097498e+01 8.47333838e+01 
141 -6.20246807e+00 -5.83635940e+00 -4.52980487e+00 -3.19221571e+00 -1.67051725e+00 5.42629055e+00 5.51498628e+00 8.48372809e+00 1.04382385e+01 3.03122551e+01 3.46334160e+01 3.89267618e+01 4.16626731e+01 6.33142667e+01 8.62911259e+01 
142 -6.17660561e+00 -5.78588678e+00 -4.60328533e+00 -3.22350475e+00 -1.67043600e+00 5.40290503e+00 5.65379124e+00 8.34209003e+00 1.04365173e+01 3.06292982e+01 3.50969571e+01 3.84028017e+01 4.13512464e+01 6.33184308e+01 8.78922308e+01 
143 -6.15255334e+00 -5.73420691e+00 -4.67570897e+00 -3.25254050e+00 -1.67036196e+00 5.38156186e+00 5.79305993e+00 8.20020714e+00 1.04358332e+01 3.09539397e+01 3.55442933e+01 3.78925022e+01 4.10502072e+01 6.33222260e+01 8.95103094e+01 
144 -6.13051917e+00 -5.68132332e+00 -4.74706009e+00 -3.27908533e+00 -1.67029541e+00 5.36234783e+00 5.93276018e+00 8.05813272e+00 1.04359431e+01 3.12863877e+01 3.59741090e+01 3.73954949e+01 4.07579400e+01 6.33256376e+01 9.11126413e+01 
145 -6.11070598e+00 -5.62723976e+00 -4.81732447e+00 -3.30290907e+00 -1.67023661e+00 5.34534335e+00 6.07286035e+00 7.91591676e+00 1.04366159e+01 3.16268659e+01 3.63855300e+01 3.69114031e+01 4.04726645e+01 6.33286523e+01 9.26605841e+01 
146 -6.09330711e+00 -5.57196022e+00 -4.88648917e+00 -3.32379372e+00 -1.67018578e+00 5.33062167e+00 6.21332912e+00 7.77360627e+00 1.04376364e+01 3.19756126e+01 3.64398460e+01 3.67781553e+01 4.01924428e+01 6.33312584e+01 9.41106840e+01 
147 -6.07850158e+00 -5.51548910e+00 -4.95454231e+00 -3.34153858e+00 -1.67014312e+00 5.31824801e+00 6.35413514e+00 7.63124586e+00 1.04388095e+01 3.23328805e+01 3.59804434e+01 3.71520582e+01 3.99152014e+01 6.33334458e+01 9.54165835e+01 
148 -6.06644891e+00 -5.45783105e+00 -5.02147312e+00 -3.35596560e+00 -1.67010879e+00 5.30827860e+00 6.49524715e+00 7.48887758e+00 1.04399648e+01 3.26989375e+01 3.55328170e+01 3.75077435e+01 3.96387840e+01 6.33352060e+01 9.65317157e+01 
149 -6.05728415e+00 -5.39899114e+00 -5.08727176e+00 -3.36692463e+00 -1.67008293e+00 5.30075974e+00 6.63663363e+00 7.34654153e+00 1.04409606e+01 3.30740655e+01 3.50965938e+01 3.78459976e+01 3.93611003e+01 6.33365321e+01 9.74126018e+01 
150 -6.05111325e+00 -5.33897480e+00 -5.15192920e+00 -3.37429819e+00 -1.67006564e+00 5.29572701e+00 6.77826270e+00 7.20427591e+00 1.04416871e+01 3.34585606e+01 3.46714079e+01 3.81672573e+01 3.90807491e+01 6.33374191e+01 9.80224247e+01 
151 -6.04800919e+00 -5.27778800e+00 -5.21543714e+00 -3.37800554e+00 -1.67005697e+00 5.29320455e+00 6.92010174e+00 7.06211756e+00 1.04420693e+01 3.38527321e+01 3.42569029e+01 3.84648168e+01 3.88038012e+01 6.33378635e+01 9.83343959e+01 
152 -6.04800919e+00 -5.27778799e+00 -5.21543714e+00 -3.37800554e+00 -1.67005697e+00 5.29320455e+00 6.92010175e+00 7.06211754e+00 1.04420693e+01 3.38527321e+01 3.42569028e+01 3.84648173e+01 3.88038008e+01 6.33378635e+01 9.83343959e+01 
153 -6.05111325e+00 -5.33897479e+00 -5.15192920e+00 -3.37429820e+00 -1.67006564e+00 5.29572701e+00 6.77826271e+00 7.20427590e+00 1.04416871e+01 3.34585606e+01 3.46714078e+01 3.81672578e+01 3.90807486e+01 6.33374191e+01 9.80224247e+01 
154 -6.05728415e+00 -5.39899114e+00 -5.08727176e+00 -3.36692464e+00 -1.67008293e+00 5.30075974e+00 6.63663364e+00 7.34654151e+00 1.04409606e+01 3.30740655e+01 3.50965937e+01 3.78459981e+01 3.93610998e+01 6.33365321e+01 9.74126018e+01 
155 -6.06644890e+00 -5.45783105e+00 -5.02147313e+00 -3.35596562e+00 -1.67010879e+00 5.30827860e+00 6.49524717e+00 7.48887756e+00 1.04399648e+01 3.26989375e+01 3.55328170e+01 3.75077440e+01 3.96387835e+01 6.33352060e+01 9.65317157e+01 
156 -6.07850157e+00 -5.51548910e+00 -4.95454231e+00 -3.34153859e+00 -1.67014312e+00 5.31824802e+00 6.35413516e+00 7.63124584e+00 1.04388095e+01 3.23328805e+01 3.59804434e+01 3.71520587e+01 3.99152009e+01 6.33334458e+01 9.54165836e+01 
157 -6.09330711e+00 -5.57196024e+00 -4.88648915e+00 -3.32379373e+00 -1.67018578e+00 5.33062168e+00 6.21332908e+00 7.77360632e+00 1.04376364e+01 3.19756124e+01 3.64398462e+01 3.67781557e+01 4.01924425e+01 6.33312584e+01 9.41106834e+01 
158 -6.11070596e+00 -5.62723975e+00 -4.81732448e+00 -3.30290909e+00 -1.67023661e+00 5.34534336e+00 6.07286037e+00 7.91591674e+00 1.04366159e+01 3.16268659e+01 3.63855305e+01 3.69114031e+01 4.04726641e+01 6.33286523e+01 9.26605841e+01 
159 -6.13051916e+00 -5.68132332e+00 -4.74706010e+00 -3.27908536e+00 -1.67029541e+00 5.36234784e+00 5.93276020e+00 8.05813270e+00 1.04359431e+01 3.12863877e+01 3.59741095e+01 3.73954949e+01 4.07579395e+01 6.33256376e+01 9.11126413e+01 
160 -6.15255332e+00 -5.73420691e+00 -4.67570897e+00 -3.25254053e+00 -1.67036196e+00 5.38156187e+00 5.79305995e+00 8.20020712e+00 1.04358332e+01 3.09539397e+01 3.55442938e+01 3.78925022e+01 4.10502068e+01 6.33222260e+01 8.95103093e+01 
161 -6.17660560e+00 -5.78588679e+00 -4.60328532e+00 -3.22350477e+00 -1.67043600e+00 5.40290504e+00 5.65379122e+00 8.34209005e+00 1.04365173e+01 3.06292982e+01 3.50969575e+01 3.84028018e+01 4.13512460e+01 6.33184308e+01 8.78922303e+01 
162 -6.20246806e+00 -5.83635941e+00 -4.52980486e+00 -3.19221574e+00 -1.67051725e+00 5.42629056e+00 5.51498628e+00 8.48372810e+00 1.04382385e+01 3.03122551e+01 3.46334164e+01 3.89267618e+01 4.16626727e+01 6.33142667e+01 8.62911256e+01 
163 -6.22993160e+00 -5.88562152e+00 -4.45528483e+00 -3.15891435e+00 -1.67060539e+00 5.37667789e+00 5.45162597e+00 8.62506442e+00 1.04412477e+01 3.00026168e+01 3.41553706e+01 3.94647384e+01 4.19859391e+01 6.33097498e+01 8.47333837e+01 
164 -6.25878920e+00 -5.93367006e+00 -4.37974425e+00 -3.12384136e+00 -1.67070009e+00 5.23889977e+00 5.47881358e+00 8.76603813e+00 1.04458002e+01 2.97002051e+01 3.36648313e+01 4.00170687e+01 4.23223400e+01 6.33048977e+01 8.32392049e+01 
165 -6.28883845e+00 -5.98050217e+00 -4.30320412e+00 -3.08723439e+00 -1.67080098e+00 5.10168669e+00 5.50775082e+00 8.90658397e+00 1.04521526e+01 2.94048567e+01 3.31640350e+01 4.05840653e+01 4.26730206e+01 6.32997293e+01 8.18231200e+01 
166 -6.31988360e+00 -6.02611512e+00 -4.22568774e+00 -3.04932582e+00 -1.67090768e+00 4.96507494e+00 5.53833034e+00 9.04663164e+00 1.04605602e+01 2.91164238e+01 3.26553533e+01 4.11660075e+01 4.30389839e+01 6.32942645e+01 8.04947342e+01 
167 -6.35173696e+00 -6.07050636e+00 -4.14722081e+00 -3.01034091e+00 -1.67101976e+00 4.82910228e+00 5.57044006e+00 9.18610570e+00 1.04712749e+01 2.88347737e+01 3.21412032e+01 4.17631341e+01 4.34210981e+01 6.32885246e+01 7.92595581e+01 
168 -6.38421991e+00 -6.11367350e+00 -4.06783187e+00 -2.97049668e+00 -1.67113680e+00 4.69380846e+00 5.60396301e+00 9.32492482e+00 1.04845433e+01 2.85597893e+01 3.16239670e+01 4.23756330e+01 4.38201006e+01 6.32825318e+01 7.81198462e+01 
169 -6.41716340e+00 -6.15561426e+00 -3.98755258e+00 -2.93000100e+00 -1.67125836e+00 4.55923546e+00 5.63877713e+00 9.46300138e+00 1.05006052e+01 2.82913688e+01 3.11059232e+01 4.30036302e+01 4.42365985e+01 6.32763093e+01 7.70753712e+01 
170 -6.45040825e+00 -6.19632644e+00 -3.90641822e+00 -2.88905217e+00 -1.67138395e+00 4.42542807e+00 5.67475493e+00 9.60024067e+00 1.05196924e+01 2.80294266e+01 3.05891938e+01 4.36471769e+01 4.46710650e+01 6.32698813e+01 7.61241079e+01 
171 -6.48380516e+00 -6.23580801e+00 -3.82446800e+00 -2.84783851e+00 -1.67151310e+00 4.29243403e+00 5.71176335e+00 9.73654068e+00 1.05420272e+01 2.77738926e+01 3.00757060e+01 4.43062371e+01 4.51238323e+01 6.32632727e+01 7.52628054e+01 
172 -6.51721453e+00 -6.27405697e+00 -3.74174566e+00 -2.80653837e+00 -1.67164530e+00 4.16030473e+00 5.74966349e+00 9.87179123e+00 1.05678216e+01 2.75247129e+01 2.95671711e+01 4.49806714e+01 4.55950775e+01 6.32565091e+01 7.44874564e+01 
173 -6.55050615e+00 -6.31107146e+00 -3.65830000e+00 -2.76532011e+00 -1.67178005e+00 4.02909570e+00 5.78831054e+00 1.00058735e+01 1.05972751e+01 2.72818503e+01 2.90650769e+01 4.56702207e+01 4.60848047e+01 6.32496167e+01 7.37936649e+01 
174 -6.58355880e+00 -6.34684963e+00 -3.57418571e+00 -2.72434232e+00 -1.67191683e+00 3.89886745e+00 5.82755375e+00 1.01386591e+01 1.06305733e+01 2.70452840e+01 2.85706924e+01 4.63744875e+01 4.65928188e+01 6.32426222e+01 7.31769296e+01 
175 -6.61625980e+00 -6.38138976e+00 -3.48946395e+00 -2.68375393e+00 -1.67205511e+00 3.76968596e+00 5.86723680e+00 1.02700099e+01 1.06678857e+01 2.68150106e+01 2.80850799e+01 4.70929178e+01 4.71186968e+01 6.32355526e+01 7.26328511e+01 
176 -6.64850455e+00 -6.41469015e+00 -3.40420335e+00 -2.64369452e+00 -1.67219434e+00 3.64162373e+00 5.90719818e+00 1.03997769e+01 1.07093625e+01 2.65910436e+01 2.76091150e+01 4.76617502e+01 4.78247793e+01 6.32284354e+01 7.21572843e+01 
177 -6.68019602e+00 -6.44674920e+00 -3.31848101e+00 -2.60429456e+00 -1.67233401e+00 3.51476075e+00 5.94727190e+00 1.05278001e+01 1.07551317e+01 2.63734143e+01 2.71435107e+01 4.82209836e+01 4.85691411e+01 6.32212980e+01 7.17464408e+01 
178 -6.71124422e+00 -6.47756529e+00 -3.23238382e+00 -2.56567577e+00 -1.67247356e+00 3.38918585e+00 5.98728842e+00 1.06539073e+01 1.08052943e+01 2.61621723e+01 2.66888433e+01 4.87950476e+01 4.93248497e+01 6.32141681e+01 7.13969562e+01 
179 -6.74156580e+00 -6.50713690e+00 -3.14600962e+00 -2.52795127e+00 -1.67261245e+00 3.26499780e+00 6.02707589e+00 1.07779141e+01 1.08599203e+01 2.59573852e+01 2.62455785e+01 4.93821913e+01 5.00905089e+01 6.32070733e+01 7.11059246e+01 
180 -6.77108353e+00 -6.53546258e+00 -3.05946894e+00 -2.49122602e+00 -1.67275015e+00 3.14230709e+00 6.06646150e+00 1.08996231e+01 1.09190420e+01 2.57591391e+01 2.58140981e+01 4.99802142e+01 5.08644572e+01 6.32000410e+01 7.08709087e+01 
181 -6.79972588e+00 -6.56254084e+00 -2.97288689e+00 -2.45559704e+00 -1.67288612e+00 3.02123791e+00 6.10527309e+00 1.09826481e+01 1.10188236e+01 2.53947260e+01 2.55675391e+01 5.05864220e+01 5.16447458e+01 6.31930984e+01 7.06899260e+01 
182 -6.82742663e+00 -6.58837029e+00 -2.88640519e+00 -2.42115371e+00 -1.67301984e+00 2.90193003e+00 6.14334086e+00 1.10506763e+01 1.11352915e+01 2.49877513e+01 2.53827087e+01 5.11975966e+01 5.24291224e+01 6.31862723e+01 7.05614070e+01 
183 -6.85412450e+00 -6.61294957e+00 -2.80018469e+00 -2.38797811e+00 -1.67315079e+00 2.78454153e+00 6.18049915e+00 1.11230052e+01 1.12487889e+01 2.45934517e+01 2.52047903e+01 5.18099825e+01 5.32150137e+01 6.31795892e+01 7.04841267e+01 
184 -6.87976278e+00 -6.63627737e+00 -2.71440819e+00 -2.35614523e+00 -1.67327846e+00 2.66925156e+00 6.21658821e+00 1.11994450e+01 1.13590644e+01 2.42121141e+01 2.50339446e+01 5.24193046e+01 5.39995152e+01 6.31730747e+01 7.04570991e+01 
185 -6.90428903e+00 -6.65835237e+00 -2.62928382e+00 -2.32572341e+00 -1.67340235e+00 2.55626386e+00 6.25145581e+00 1.12797287e+01 1.14658534e+01 2.38440551e+01 2.48703505e+01 5.30208234e+01 5.47793840e+01 6.31667542e+01 7.04794317e+01 
186 -6.92765480e+00 -6.67917336e+00 -2.54504855e+00 -2.29677454e+00 -1.67352199e+00 2.44581023e+00 6.28495883e+00 1.13635019e+01 1.15688789e+01 2.34896386e+01 2.47142038e+01 5.36094419e+01 5.55510414e+01 6.31606519e+01 7.05501335e+01 
187 -6.94981537e+00 -6.69873911e+00 -2.46197239e+00 -2.26935438e+00 -1.67363691e+00 2.33815491e+00 6.31696449e+00 1.14503122e+01 1.16678522e+01 2.31492938e+01 2.45657167e+01 5.41798643e+01 5.63105808e+01 6.31547915e+01 7.06678776e+01 
188 -6.97072954e+00 -6.71704850e+00 -2.38036290e+00 -2.24351296e+00 -1.67374666e+00 2.23359911e+00 6.34735137e+00 1.15395997e+01 1.17624748e+01 2.28235308e+01 2.44251159e+01 5.47268064e+01 5.70537873e+01 6.31491956e+01 7.08307271e+01 
189 -6.99035938e+00 -6.73410040e+00 -2.30057011e+00 -2.21929486e+00 -1.67385082e+00 2.13248611e+00 6.37601001e+00 1.16306870e+01 1.18524395e+01 2.25129564e+01 2.42926408e+01 5.52452432e+01 5.77761657e+01 6.31438857e+01 7.10358433e+01 
190 -7.00867011e+00 -6.74989376e+00 -2.22299127e+00 -2.19673951e+00 -1.67394898e+00 2.03520602e+00 6.40284332e+00 1.17227707e+01 1.19374335e+01 2.22182857e+01 2.41685415e+01 5.57306683e+01 5.84729834e+01 6.31388825e+01 7.12792130e+01 
191 -7.02562995e+00 -6.76442758e+00 -2.17588174e+00 -2.14807543e+00 -1.67404077e+00 1.94220071e+00 6.42776653e+00 1.18149152e+01 1.20171406e+01 2.19403532e+01 2.40530755e+01 5.61793267e+01 5.91393224e+01 6.31342050e+01 7.15554343e+01 
192 -7.04120996e+00 -6.77770093e+00 -2.15675160e+00 -2.07632766e+00 -1.67412581e+00 1.85396761e+00 6.45070686e+00 1.19060497e+01 1.20912452e+01 2.16801194e+01 2.39465045e+01 5.65883869e+01 5.97701454e+01 6.31298715e+01 7.18576070e+01 
193 -7.05538392e+00 -6.78971293e+00 -2.13937543e+00 -2.00831061e+00 -1.67420379e+00 1.77106217e+00 6.47160289e+00 1.19949705e+01 1.21594353e+01 2.14386722e+01 2.38490911e+01 5.69560192e+01 6.03603718e+01 6.31258987e+01 7.21773627e+01 
194 -7.06812833e+00 -6.80046277e+00 -2.12377567e+00 -1.94464403e+00 -1.67427440e+00 1.69409690e+00 6.49040379e+00 1.20803511e+01 1.22214076e+01 2.12172202e+01 2.37610935e+01 5.72813728e+01 6.09049672e+01 6.31223017e+01 7.25050493e+01 
195 -7.07942224e+00 -6.80994972e+00 -2.10997136e+00 -1.88599955e+00 -1.67433736e+00 1.62373659e+00 6.50706825e+00 1.21607610e+01 1.22768715e+01 2.10170769e+01 2.36827618e+01 5.75644569e+01 6.13990382e+01 6.31190946e+01 7.28300601e+01 
196 -7.08924729e+00 -6.81817311e+00 -2.09797845e+00 -1.83308945e+00 -1.67439243e+00 1.56068709e+00 6.52156344e+00 1.22346982e+01 1.23255548e+01 2.08396322e+01 2.36143327e+01 5.78059531e+01 6.18379352e+01 6.31162896e+01 7.31412800e+01 
197 -7.09758756e+00 -6.82513238e+00 -2.08781012e+00 -1.78664774e+00 -1.67443940e+00 1.50567655e+00 6.53386378e+00 1.23006344e+01 1.23672080e+01 2.06863098e+01 2.35560245e+01 5.80069931e+01 6.22173555e+01 6.31138977e+01 7.34276023e+01 
198 -7.10442967e+00 -6.83082701e+00 -2.07947699e+00 -1.74740224e+00 -1.67447808e+00 1.45942765e+00 6.54394990e+00 1.23570762e+01 1.24016097e+01 2.05585088e+01 2.35080322e+01 5.81689349e+01 6.25334478e+01 6.31119279e+01 7.36784748e+01 
199 -7.10976265e+00 -6.83525660e+00 -2.07298742e+00 -1.71603831e+00 -1.67450832e+00 1.42262134e+00 6.55180753e+00 1.24026384e+01 1.24285712e+01 2.04575337e+01 2.34705226e+01 5.82931599e+01 6.27829084e+01 6.31103879e+01 7.38844275e+01 
200 -7.11357799e+00 -6.83842083e+00 -2.06834767e+00 -1.69315596e+00 -1.67453001e+00 1.39585415e+00 6.55742663e+00 1.24361249e+01 1.24479411e+01 2.03845149e+01 2.34436306e+01 5.83809063e+01 6.29630679e+01 6.31092837e+01 7.40375505e+01 
201 -7.11586963e+00 -6.84031946e+00 -2.06556212e+00 -1.67922543e+00 -1.67454305e+00 1.37959375e+00 6.56080057e+00 1.24566094e+01 1.24596083e+01 2.03403307e+01 2.34274550e+01 5.84331434e+01 6.30719643e+01 6.31086195e+01 7.41318915e+01 
202 -7.11663391e+00 -6.84095235e+00 -2.06463332e+00 -1.67454882e+00 -1.67454600e+00 1.37413928e+00 6.56192562e+00 1.24634889e+01 1.24635207e+01 2.03255388e+01 2.34220564e+01 5.84504857e+01 6.31083577e+01 6.31084377e+01 7.41637560e+01 110-000
203 -7.11510662e+00 -6.83968563e+00 -2.06649010e+00 -1.68310217e+00 -1.67532542e+00 1.38503369e+00 6.55967241e+00 1.24379777e+01 1.24675446e+01 2.03549469e+01 2.34329308e+01 5.84158760e+01 6.30691006e+01 6.30752827e+01 7.40999174e+01 
204 -7.11054234e+00 -6.83587474e+00 -2.07204895e+00 -1.70838800e+00 -1.67766290e+00 1.41734350e+00 6.55287814e+00 1.23630081e+01 1.24796109e+01 2.04407288e+01 2.34664388e+01 5.83125186e+01 6.29516038e+01 6.29764838e+01 7.39096045e+01 
205 -7.10299394e+00 -6.82948736e+00 -2.08127555e+00 -1.74935024e+00 -1.68155616e+00 1.47001493e+00 6.54143851e+00 1.22429414e+01 1.24997043e+01 2.05758389e+01 2.35252844e+01 5.81418121e+01 6.27574736e+01 6.28132260e+01 7.35963734e+01 
206 -7.09254997e+00 -6.82046942e+00 -2.09411320e+00 -1.80442463e+00 -1.68700137e+00 1.54148752e+00 6.52517835e+00 1.20840981e+01 1.25277994e+01 2.07493739e+01 2.36140875e+01 5.79060352e+01 6.24891999e+01 6.25875741e+01 7.31659801e+01 
207 -7.07933488e+00 -6.80874510e+00 -2.11048366e+00 -1.87175875e+00 -1.69399318e+00 1.62991402e+00 6.50384994e+00 1.18937568e+01 1.25638609e+01 2.09476178e+01 2.37393462e+01 5.76082702e+01 6.21501569e+01 6.23023286e+01 7.26261364e+01 
208 -7.06350858e+00 -6.79421763e+00 -2.13028820e+00 -1.94941660e+00 -1.70252471e+00 1.73336488e+00 6.47713102e+00 1.16793012e+01 1.26078441e+01 2.11554139e+01 2.39089251e+01 5.72523040e+01 6.17445000e+01 6.19609429e+01 7.19861946e+01 
209 -7.04526456e+00 -6.77677163e+00 -2.15340892e+00 -2.03553136e+00 -1.71258756e+00 1.84998084e+00 6.44462338e+00 1.14476580e+01 1.26596956e+01 2.13580820e+01 2.41307086e+01 5.68425103e+01 6.12770433e+01 6.15674236e+01 7.12567806e+01 
210 -7.02482557e+00 -6.75627792e+00 -2.17971028e+00 -2.12839757e+00 -1.72417177e+00 1.97806492e+00 6.40585292e+00 1.12050184e+01 1.27193531e+01 2.15438052e+01 2.44105005e+01 5.63837223e+01 6.07531251e+01 6.11262218e+01 7.04494032e+01 
211 -7.00243600e+00 -6.73260164e+00 -2.22651318e+00 -2.20904085e+00 -1.73726591e+00 2.11612433e+00 6.36027246e+00 1.09567604e+01 1.27867469e+01 2.17056014e+01 2.47501351e+01 5.58810977e+01 6.01784656e+01 6.06421174e+01 6.95760584e+01 
212 -6.97835066e+00 -6.70561412e+00 -2.32858651e+00 -2.24123514e+00 -1.75185698e+00 2.26287718e+00 6.30726957e+00 1.07074870e+01 1.28617998e+01 2.18417017e+01 2.51470609e+01 5.53399882e+01 5.95590274e+01 6.01201042e+01 6.86488569e+01 
213 -6.95282043e+00 -6.67520769e+00 -2.43352353e+00 -2.27611559e+00 -1.76793049e+00 2.41723963e+00 6.24618156e+00 1.04611111e+01 1.29444284e+01 2.19542146e+01 2.55955843e+01 5.47658140e+01 5.89008800e+01 5.95652801e+01 6.76796888e+01 
214 -6.92607696e+00 -6.64131178e+00 -2.54040559e+00 -2.31349443e+00 -1.78547042e+00 2.57830329e+00 6.17632048e+00 1.02209464e+01 1.30345433e+01 2.20471627e+01 2.60887220e+01 5.41639516e+01 5.82100772e+01 5.89827446e+01 6.66799424e+01 
215 -6.89831899e+00 -6.60390693e+00 -2.64846481e+00 -2.35317584e+00 -1.80445925e+00 2.74531061e+00 6.09700978e+00 9.98978156e+00 1.31320500e+01 2.21249605e+01 2.66196176e+01 5.35396339e+01 5.74925460e+01 5.83775077e+01 6.56602807e+01 
216 -6.86970374e+00 -6.56303412e+00 -2.75706008e+00 -2.39495780e+00 -1.82487794e+00 2.91763052e+00 6.00763362e+00 9.76992901e+00 1.32368495e+01 2.21916328e+01 2.71822260e+01 5.28978683e+01 5.67539945e+01 5.77544118e+01 6.46304848e+01 
217 -6.84034457e+00 -6.51879754e+00 -2.86565568e+00 -2.43863403e+00 -1.84670600e+00 3.09473705e+00 5.90769603e+00 9.56324900e+00 1.33488393e+01 2.22505731e+01 2.77714713e+01 5.22433719e+01 5.59998355e+01 5.71180677e+01 6.35993575e+01 
218 -6.81031516e+00 -6.47136108e+00 -2.97380291e+00 -2.48399570e+00 -1.86992138e+00 3.27619060e+00 5.79688366e+00 9.37115584e+00 1.34679133e+01 2.23045703e+01 2.83831461e+01 5.15805237e+01 5.52351302e+01 5.64728061e+01 6.25746871e+01 
219 -6.77965786e+00 -6.42094022e+00 -3.08112500e+00 -2.53083325e+00 -1.89450063e+00 3.46162301e+00 5.67512142e+00 9.19461799e+00 1.35939631e+01 2.23559306e+01 2.90137268e+01 5.09133316e+01 5.44645448e+01 5.58226397e+01 6.15632571e+01 
220 -6.74839394e+00 -6.36779228e+00 -3.18730443e+00 -2.57893782e+00 -1.92041879e+00 3.65072454e+00 5.54260935e+00 9.03416782e+00 1.37268782e+01 2.24066105e+01 2.96601829e+01 5.02454154e+01 5.36923266e+01 5.51712411e+01 6.05709008e+01 
221 -6.71653348e+00 -6.31220680e+00 -3.29207270e+00 -2.62810270e+00 -1.94764951e+00 3.84323379e+00 5.39983030e+00 8.88993166e+00 1.38665464e+01 2.24583346e+01 3.03198083e+01 4.95800011e+01 5.29222914e+01 5.45219303e+01 5.96025866e+01 
222 -6.68408367e+00 -6.25449769e+00 -3.39520189e+00 -2.67812449e+00 -1.97616496e+00 4.03892891e+00 5.24752488e+00 8.76168666e+00 1.40128542e+01 2.25126903e+01 3.09900789e+01 4.89199274e+01 5.21578246e+01 5.38776733e+01 5.86625273e+01 
223 -6.65105478e+00 -6.19499704e+00 -3.49649812e+00 -2.72880430e+00 -2.00593593e+00 4.23762134e+00 5.08663706e+00 8.64894044e+00 1.41656875e+01 2.25712033e+01 3.16685369e+01 4.82676568e+01 5.14018889e+01 5.32410865e+01 5.77543010e+01 
224 -6.61746456e+00 -6.13405099e+00 -3.59579586e+00 -2.77994858e+00 -2.03693184e+00 4.43914998e+00 4.91824253e+00 8.55102490e+00 1.43249314e+01 2.26353970e+01 3.23526945e+01 4.76252971e+01 5.06570419e+01 5.26144493e+01 5.68809824e+01 
225 -6.58334093e+00 -6.07201668e+00 -3.69295356e+00 -2.83136997e+00 -2.06912076e+00 4.64337684e+00 4.74347264e+00 8.46719017e+00 1.44904707e+01 2.27068400e+01 3.30399580e+01 4.69946244e+01 4.99254586e+01 5.19997211e+01 5.60452731e+01 
226 -6.54872380e+00 -6.00926020e+00 -3.78784981e+00 -2.88288781e+00 -2.10246941e+00 4.56344660e+00 4.85018312e+00 8.39668792e+00 1.46621897e+01 2.27871848e+01 3.37275699e+01 4.63771114e+01 4.92089586e+01 5.13985617e+01 5.52496277e+01 
227 -6.51366626e+00 -5.94615454e+00 -3.88038056e+00 -2.93432881e+00 -2.13694324e+00 4.37921842e+00 5.05946673e+00 8.33883639e+00 1.48399728e+01 2.28781979e+01 3.44125754e+01 4.57739539e+01 4.85090332e+01 5.08123527e+01 5.44963657e+01 
228 -6.47823555e+00 -5.88307768e+00 -3.97045655e+00 -2.98552730e+00 -2.17250647e+00 4.19174245e+00 5.27113961e+00 8.29306527e+00 1.50237042e+01 2.29817833e+01 3.50918126e+01 4.51861009e+01 4.78268760e+01 5.02422213e+01 5.37877696e+01 
229 -6.44251413e+00 -5.82041032e+00 -4.05800110e+00 -3.03632551e+00 -2.20912204e+00 4.00185596e+00 5.48512552e+00 8.25894147e+00 1.52132675e+01 2.30999975e+01 3.57619361e+01 4.46142830e+01 4.71634139e+01 4.96890648e+01 5.31261578e+01 
230 -6.40660080e+00 -5.75853274e+00 -4.14294869e+00 -3.08657382e+00 -2.24675177e+00 3.81027473e+00 5.70135892e+00 8.23617876e+00 1.54085463e+01 2.32350549e+01 3.64194869e+01 4.40590390e+01 4.65193350e+01 4.91535724e+01 5.25139235e+01 
231 -6.37061222e+00 -5.69782116e+00 -4.22524334e+00 -3.13613078e+00 -2.28535634e+00 3.61759939e+00 5.91978330e+00 8.22463522e+00 1.56094237e+01 2.33893211e+01 3.70610154e+01 4.35207419e+01 4.58951177e+01 4.86362481e+01 5.19535320e+01 
232 -6.33468486e+00 -5.63864288e+00 -4.30483753e+00 -3.18486315e+00 -2.32489536e+00 3.42432798e+00 6.14035030e+00 8.22430167e+00 1.58157821e+01 2.35652899e+01 3.76832771e+01 4.29996227e+01 4.52910570e+01 4.81374313e+01 5.14474622e+01 
233 -6.29897756e+00 -5.58135061e+00 -4.38169104e+00 -3.23264579e+00 -2.36532735e+00 3.23087256e+00 6.36301843e+00 8.23528349e+00 1.60275027e+01 2.37655397e+01 3.82835131e+01 4.24957929e+01 4.47072900e+01 4.76573170e+01 5.09980789e+01 
234 -6.26367449e+00 -5.52627519e+00 -4.45577038e+00 -3.27936168e+00 -2.40660993e+00 3.03757665e+00 6.58775293e+00 8.25777786e+00 1.62444658e+01 2.39926639e+01 3.88598310e+01 4.20092628e+01 4.41438173e+01 4.71959720e+01 5.06074271e+01 
235 -6.22898903e+00 -5.47371739e+00 -4.52704786e+00 -3.32490168e+00 -2.44869976e+00 2.84473337e+00 6.81452484e+00 8.29204771e+00 1.64665500e+01 2.42491662e+01 3.94116800e+01 4.15399604e+01 4.36005249e+01 4.67533514e+01 5.02769515e+01 
236 -6.19516818e+00 -5.42393827e+00 -4.59550116e+00 -3.36916443e+00 -2.49155265e+00 2.65260170e+00 7.04331071e+00 8.33839363e+00 1.66936322e+01 2.45373173e+01 3.99404003e+01 4.10877462e+01 4.30772016e+01 4.63293124e+01 5.00071637e+01 
237 -6.16249780e+00 -5.37714841e+00 -4.66111269e+00 -3.41205606e+00 -2.53512358e+00 2.46142100e+00 7.27409193e+00 8.39712442e+00 1.69255866e+01 2.48589613e+01 4.04497863e+01 4.06524278e+01 4.25735571e+01 4.59236271e+01 4.97973122e+01 
238 -6.13130818e+00 -5.33349604e+00 -4.72386933e+00 -3.45349010e+00 -2.57936681e+00 2.27142161e+00 7.50685502e+00 8.46852797e+00 1.71622853e+01 2.52152723e+01 4.02337706e+01 4.09465719e+01 4.20892349e+01 4.55359921e+01 4.96451417e+01 
239 -6.10197997e+00 -5.29305494e+00 -4.78376200e+00 -3.49338719e+00 -2.62423593e+00 2.08283279e+00 7.74159112e+00 8.55284322e+00 1.74035970e+01 2.56064598e+01 3.98315089e+01 4.14407135e+01 4.16238263e+01 4.51660379e+01 4.95468458e+01 
240 -6.07494952e+00 -5.25581256e+00 -4.84078545e+00 -3.53167487e+00 -2.66968393e+00 1.89588640e+00 7.97829608e+00 8.65023505e+00 1.76493872e+01 2.60314381e+01 3.94453542e+01 4.11768811e+01 4.19453553e+01 4.48133368e+01 4.94972967e+01 
241 -6.05071265e+00 -5.22166001e+00 -4.89493791e+00 -3.56828734e+00 -2.71566320e+00 1.71081738e+00 8.21697009e+00 8.76077312e+00 1.78995169e+01 2.64874953e+01 3.90750037e+01 4.07479180e+01 4.24763739e+01 4.44774092e+01 4.94905968e+01 
242 -6.02982520e+00 -5.19038538e+00 -4.94622105e+00 -3.60316528e+00 -2.76212571e+00 1.52786024e+00 8.45761835e+00 8.88441680e+00 1.81538433e+01 2.69700257e+01 3.87201455e+01 4.03364319e+01 4.30514088e+01 4.41577282e+01 4.95209597e+01 
243 -6.01289835e+00 -5.16167333e+00 -4.99463978e+00 -3.63625561e+00 -2.80902302e+00 1.34724374e+00 8.70025076e+00 9.02100652e+00 1.84122181e+01 2.74724168e+01 3.83804650e+01 3.99419017e+01 4.36881993e+01 4.38537247e+01 4.95839774e+01 
244 -6.00058620e+00 -5.13511298e+00 -5.04020216e+00 -3.66751129e+00 -2.85630635e+00 1.16918356e+00 8.94488241e+00 9.17026284e+00 1.86744876e+01 2.79862062e+01 3.80556491e+01 3.95637963e+01 4.35647900e+01 4.44018069e+01 4.96785583e+01 
245 -5.99356395e+00 -5.11021672e+00 -5.08291926e+00 -3.69689112e+00 -2.90392661e+00 9.93874795e-01 9.19153338e+00 9.33179292e+00 1.89404917e+01 2.85015939e+01 3.77453913e+01 3.92015798e+01 4.32902800e+01 4.51996764e+01 4.98104787e+01 
246 -5.99249610e+00 -5.12280523e+00 -5.08645001e+00 -3.72435960e+00 -2.95183456e+00 8.21484399e-01 9.44022975e+00 9.50510473e+00 1.92100633e+01 2.90083210e+01 3.74493941e+01 3.88547153e+01 4.30295163e+01 4.60719686e+01 5.00001102e+01 
247 -5.99799701e+00 -5.15987722e+00 -5.06327064e+00 -3.74988674e+00 -2.99998083e+00 6.52145773e-01 9.68962669e+00 9.69100356e+00 1.94830270e+01 2.94967827e+01 3.71673739e+01 3.85226687e+01 4.27817888e+01 4.69719176e+01 5.02997301e+01 
248 -6.01058895e+00 -5.19415541e+00 -5.04017181e+00 -3.77344795e+00 -3.04831600e+00 4.85955248e-01 9.88473197e+00 9.94389352e+00 1.97591984e+01 2.99591178e+01 3.68990633e+01 3.82049116e+01 4.25463579e+01 4.77887003e+01 5.08182691e+01 
249 -6.03066503e+00 -5.22566297e+00 -5.01672191e+00 -3.79502385e+00 -3.09679060e+00 3.22971686e-01 1.00897646e+01 1.01989451e+01 2.00383817e+01 3.03899847e+01 3.66442156e+01 3.79009239e+01 4.23224565e+01 4.83821350e+01 5.16846155e+01 
250 -6.05846428e+00 -5.25442622e+00 -4.99259328e+00 -3.81460021e+00 -3.14535529e+00 1.63218249e-01 1.03040663e+01 1.04562118e+01 2.03203692e+01 3.07868366e+01 3.64026078e+01 3.76101952e+01 4.21092913e+01 4.87266024e+01 5.29024943e+01 
251 -6.09406318e+00 -5.28047461e+00 -4.96757562e+00 -3.83216790e+00 -3.19396088e+00 6.68742874e-03 1.05270009e+01 1.07157554e+01 2.06049379e+01 3.11496962e+01 3.61740448e+01 3.73322261e+01 4.19060460e+01 4.89034863e+01 5.43578890e+01 
252 -6.13738353e+00 -5.30384080e+00 -4.94157366e+00 -3.84772271e+00 -3.24255833e+00 -1.46651791e-01 1.07579748e+01 1.09776463e+01 2.08918469e+01 3.14805918e+01 3.59583646e+01 3.70665306e+01 4.17118838e+01 4.89827419e+01 5.59385375e+01 
253 -6.18821303e+00 -5.32456082e+00 -4.91459247e+00 -3.86126538e+00 -3.29109891e+00 -2.96845898e-01 1.09964535e+01 1.12419648e+01 2.11808342e+01 3.17828724e+01 3.57554427e+01 3.68126350e+01 4.15259499e+01 4.90005957e+01 5.75585249e+01 
254 -6.24623234e+00 -5.34267408e+00 -4.88671627e+00 -3.87280151e+00 -3.33953423e+00 -4.43947540e-01 1.12419723e+01 1.15088016e+01 2.14716120e+01 3.20605718e+01 3.55651989e+01 3.65700802e+01 4.13473758e+01 4.89744755e+01 5.91467650e+01 
255 -6.31104329e+00 -5.35822355e+00 -4.85808583e+00 -3.88234158e+00 -3.38781627e+00 -5.88006796e-01 1.14941418e+01 1.17782583e+01 2.17638615e+01 3.23179135e+01 3.53876042e+01 3.63384211e+01 4.11752830e+01 4.89131526e+01 6.06411308e+01 
256 -6.38219429e+00 -5.37125582e+00 -4.82887817e+00 -3.88990085e+00 -3.43589743e+00 -7.29063030e-01 1.17526479e+01 1.20504478e+01 2.20572261e+01 3.25589751e+01 3.52226890e+01 3.61172273e+01 4.10087878e+01 4.88213549e+01 6.19884842e+01 
257 -6.45920125e+00 -5.38182125e+00 -4.79929033e+00 -3.89549944e+00 -3.48373064e+00 -8.67138866e-01 1.20172495e+01 1.23254953e+01 2.23513043e+01 3.27874913e+01 3.50705520e+01 3.59060830e+01 4.08470065e+01 4.87018196e+01 6.31469744e+01 
258 -6.54156320e+00 -5.38997410e+00 -4.76952778e+00 -3.89916230e+00 -3.53126938e+00 -1.00223544e+00 1.22877711e+01 1.26035382e+01 2.26456405e+01 3.30067550e+01 3.49313710e+01 3.57045868e+01 4.06890608e+01 4.85562639e+01 6.40883974e+01 
259 -6.62877361e+00 -5.39577258e+00 -4.73979672e+00 -3.90091919e+00 -3.57846774e+00 -1.13432996e+00 1.25640945e+01 1.28847268e+01 2.29397148e+01 3.32195850e+01 3.48054142e+01 3.55123519e+01 4.05340844e+01 4.83858886e+01 6.47994501e+01 
260 -6.72032790e+00 -5.39927902e+00 -4.71029965e+00 -3.90080473e+00 -3.62528040e+00 -1.26337489e+00 1.28461478e+01 1.31692235e+01 2.32329308e+01 3.34283299e+01 3.46930526e+01 3.53290059e+01 4.03812290e+01 4.81916697e+01 6.52813821e+01 
261 -6.81572875e+00 -5.40055994e+00 -4.68123318e+00 -3.89885838e+00 -3.67166279e+00 -1.38929913e+00 1.31338960e+01 1.34572031e+01 2.35246044e+01 3.36348913e+01 3.45947727e+01 3.51541902e+01 4.02296712e+01 4.79745490e+01 6.55481021e+01 
262 -6.91448929e+00 -5.39968613e+00 -4.65278744e+00 -3.89512447e+00 -3.71757107e+00 -1.51200998e+00 1.34273298e+01 1.37488523e+01 2.38139499e+01 3.38407526e+01 3.45111896e+01 3.49875602e+01 4.00786186e+01 4.77355753e+01 6.56231592e+01 
263 -7.01613526e+00 -5.39673270e+00 -4.62514649e+00 -3.88965222e+00 -3.76296213e+00 -1.63139595e+00 1.37264562e+01 1.40443678e+01 2.41000679e+01 3.40470071e+01 3.44430583e+01 3.48287845e+01 3.99273172e+01 4.74760138e+01 6.55362199e+01 
264 -7.12020659e+00 -5.39177917e+00 -4.59848930e+00 -3.88249567e+00 -3.80779371e+00 -1.74733005e+00 1.40312894e+01 1.43439557e+01 2.43819350e+01 3.42543820e+01 3.43912827e+01 3.46775449e+01 3.97750571e+01 4.71974311e+01 6.53196294e+01 
265 -7.22625841e+00 -5.38490942e+00 -4.57299095e+00 -3.87371378e+00 -3.85202434e+00 -1.85967290e+00 1.43418434e+01 1.46478291e+01 2.46583963e+01 3.43569201e+01 3.44632558e+01 3.45335359e+01 3.96211785e+01 4.69017565e+01 6.50054993e+01 
266 -7.33386191e+00 -5.37621174e+00 -4.54882396e+00 -3.89561361e+00 -3.86337010e+00 -1.96827569e+00 1.46581255e+01 1.49562057e+01 2.49281652e+01 3.43411783e+01 3.43964644e+01 3.46736683e+01 3.94650774e+01 4.65913146e+01 6.46235536e+01 
267 -7.44260498e+00 -5.36577874e+00 -4.52615936e+00 -3.93852164e+00 -3.85153336e+00 -2.07298281e+00 1.49801308e+01 1.52693047e+01 2.51898314e+01 3.42660490e+01 3.43454029e+01 3.48853227e+01 3.93062095e+01 4.62688286e+01 6.41997758e+01 
268 -7.55209269e+00 -5.35370730e+00 -4.50516745e+00 -3.98070982e+00 -3.83827664e+00 -2.17363411e+00 1.53078386e+01 1.55873427e+01 2.54418826e+01 3.41420204e+01 3.43710494e+01 3.50975808e+01 3.91440947e+01 4.59373958e+01 6.37557709e+01 
269 -7.66194772e+00 -5.34009842e+00 -4.48601811e+00 -4.02214037e+00 -3.82367777e+00 -2.27006709e+00 1.56412088e+01 1.59105301e+01 2.56827401e+01 3.40241202e+01 3.44196410e+01 3.53094485e+01 3.89783194e+01 4.56004410e+01 6.33086812e+01 
270 -7.77181052e+00 -5.32505708e+00 -4.46888035e+00 -4.06277648e+00 -3.80781904e+00 -2.36211906e+00 1.59801798e+01 1.62390648e+01 2.59108126e+01 3.39121010e+01 3.44927059e+01 3.55195539e+01 3.88085386e+01 4.52616581e+01 6.28714841e+01 
271 -7.88133944e+00 -5.30869203e+00 -4.45392085e+00 -4.10258234e+00 -3.79078714e+00 -2.44962970e+00 1.63246671e+01 1.65731276e+01 2.61245665e+01 3.38057259e+01 3.45916979e+01 3.57261171e+01 3.86344766e+01 4.49249519e+01 6.24535107e+01 
272 -7.99021068e+00 -5.29111553e+00 -4.44130149e+00 -4.14152317e+00 -3.77267292e+00 -2.53244433e+00 1.66745617e+01 1.69128749e+01 2.63226073e+01 3.37047683e+01 3.47179034e+01 3.59269127e+01 3.84559268e+01 4.45943913e+01 6.20610604e+01 
273 -8.09811805e+00 -5.27244308e+00 -4.43117530e+00 -4.17956518e+00 -3.75357122e+00 -2.61041818e+00 1.70297297e+01 1.72584316e+01 2.65037666e+01 3.36090113e+01 3.48723424e+01 3.61192300e+01 3.82727503e+01 4.42741820e+01 6.16980205e+01 
274 -8.20477272e+00 -5.25279303e+00 -4.42368101e+00 -4.21667566e+00 -3.73358064e+00 -2.68342198e+00 1.73900115e+01 1.76098839e+01 2.66671820e+01 3.35182477e+01 3.50556751e+01 3.62998381e+01 3.80848741e+01 4.39686553e+01 6.13664341e+01 
275 -8.30990272e+00 -5.23228625e+00 -4.41893603e+00 -4.25282292e+00 -3.71280327e+00 -2.75134880e+00 1.77552211e+01 1.79672706e+01 2.68123582e+01 3.34322797e+01 3.52681269e+01 3.64649724e+01 3.78922878e+01 4.36822615e+01 6.10669887e+01 
276 -8.41325251e+00 -5.21104566e+00 -4.41702813e+00 -4.28797636e+00 -3.69134439e+00 -2.81412217e+00 1.81251459e+01 1.83305746e+01 2.69391995e+01 3.33509181e+01 3.55094400e+01 3.66103689e+01 3.76950400e+01 4.34195394e+01 6.07994127e+01 
277 -8.51458233e+00 -5.18919579e+00 -4.41800645e+00 -4.32210642e+00 -3.66931214e+00 -2.87170476e+00 1.84995452e+01 1.86997142e+01 2.70480086e+01 3.32739829e+01 3.57788588e+01 3.67313837e+01 3.74932340e+01 4.31850220e+01 6.05627854e+01 
278 -8.61366759e+00 -5.16686229e+00 -4.42187274e+00 -4.35518464e+00 -3.64681714e+00 -2.92410686e+00 1.88781497e+01 1.90745335e+01 2.71394536e+01 3.32013023e+01 3.60751477e+01 3.68232413e+01 3.72870236e+01 4.29830288e+01 6.03557684e+01 
279 -8.71029826e+00 -5.14417137e+00 -4.42857394e+00 -4.38718363e+00 -3.62397214e+00 -2.97139350e+00 1.92606591e+01 1.94547940e+01 2.72145087e+01 3.31327126e+01 3.63966331e+01 3.68814365e+01 3.70766077e+01 4.28173157e+01 6.01767717e+01 
280 -8.80427811e+00 -5.12124930e+00 -4.43799759e+00 -4.41807710e+00 -3.60089152e+00 -3.01368883e+00 1.96467407e+01 1.98401654e+01 2.72743813e+01 3.30680585e+01 3.67412616e+01 3.68622264e+01 3.69022662e+01 4.26906016e+01 6.00240687e+01 
281 -8.89542411e+00 -5.09822179e+00 -4.44997080e+00 -4.44783983e+00 -3.57769092e+00 -3.05117687e+00 2.00360262e+01 2.02302175e+01 2.73204349e+01 3.30071919e+01 3.66441560e+01 3.68833812e+01 3.71066621e+01 4.26040759e+01 5.98958708e+01 
282 -8.98356573e+00 -5.07521349e+00 -4.47644769e+00 -4.46426373e+00 -3.55448666e+00 -3.08409793e+00 2.04281077e+01 2.06244119e+01 2.73541167e+01 3.29499730e+01 3.64227057e+01 3.68241862e+01 3.74902047e+01 4.25570601e+01 5.97903734e+01 
283 -9.06854430e+00 -5.05234737e+00 -4.50387768e+00 -4.48059715e+00 -3.53139531e+00 -3.11274095e+00 2.08225334e+01 2.10220946e+01 2.73768974e+01 3.28962687e+01 3.61982149e+01 3.67259249e+01 3.78890507e+01 4.25469798e+01 5.97057807e+01 
284 -9.15021237e+00 -5.02974417e+00 -4.53010785e+00 -4.49865325e+00 -3.50853315e+00 -3.13743248e+00 2.12188006e+01 2.14224896e+01 2.73902228e+01 3.28459535e+01 3.59710518e+01 3.65914125e+01 3.83001911e+01 4.25696872e+01 5.96403174e+01 
285 -9.22843317e+00 -5.00752187e+00 -4.55511736e+00 -4.51808857e+00 -3.48601559e+00 -3.15852391e+00 2.16163482e+01 2.18246920e+01 2.73954807e+01 3.27989090e+01 3.57416145e+01 3.64245266e+01 3.87204761e+01 4.26200216e+01 5.95922315e+01 
286 -9.30308001e+00 -4.98579516e+00 -4.57888645e+00 -4.53854715e+00 -3.46395662e+00 -3.17637814e+00 2.20145461e+01 2.22276621e+01 2.73939777e+01 3.27550235e+01 3.55103338e+01 3.62296448e+01 3.91466362e+01 4.26924201e+01 5.95597917e+01 
287 -9.37403575e+00 -4.96467494e+00 -4.60139648e+00 -4.55967281e+00 -3.44246827e+00 -3.19135737e+00 2.24126811e+01 2.26302184e+01 2.73869274e+01 3.27141922e+01 3.52776805e+01 3.60111852e+01 3.95752982e+01 4.27814212e+01 5.95412849e+01 
288 -9.44119236e+00 -4.94426785e+00 -4.62262986e+00 -4.58111953e+00 -3.42166001e+00 -3.20381281e+00 2.28099394e+01 2.30310297e+01 2.73754442e+01 3.26763168e+01 3.50441768e+01 3.57733188e+01 4.00030000e+01 4.28819967e+01 5.95350118e+01 
289 -9.50445043e+00 -4.92467587e+00 -4.64257010e+00 -4.60255934e+00 -3.40163819e+00 -3.21407678e+00 2.32053827e+01 2.34286049e+01 2.73605431e+01 3.26413057e+01 3.48104128e+01 3.55198470e+01 4.04262059e+01 4.29897173e+01 5.95392866e+01 
290 -9.56371874e+00 -4.90599589e+00 -4.66120181e+00 -4.62368779e+00 -3.38250547e+00 -3.22245731e+00 2.35979167e+01 2.38212780e+01 2.73431420e+01 3.26090735e+01 3.45770721e+01 3.52542007e+01 4.08413250e+01 4.31007992e+01 5.95524378e+01 
291 -9.61891395e+00 -4.88831940e+00 -4.67851065e+00 -4.64422716e+00 -3.36436025e+00 -3.22923502e+00 2.39862491e+01 2.42071871e+01 2.73240666e+01 3.25795412e+01 3.43449655e+01 3.49795181e+01 4.12447346e+01 4.32120784e+01 5.95728131e+01 
292 -9.66996015e+00 -4.87173213e+00 -4.69448337e+00 -4.66392787e+00 -3.34729613e+00 -3.23466181e+00 2.43688325e+01 2.45842445e+01 2.73040552e+01 3.25526360e+01 3.41150780e+01 3.46987669e+01 4.16328079e+01 4.33209484e+01 5.95987875e+01 
293 -9.71678865e+00 -4.85631383e+00 -4.70910779e+00 -4.68256845e+00 -3.33140138e+00 -3.23896091e+00 2.47437887e+01 2.49500941e+01 2.72837651e+01 3.25282912e+01 3.38886299e+01 3.44148952e+01 4.20019493e+01 4.34252876e+01 5.96287749e+01 
294 -9.75933761e+00 -4.84213796e+00 -4.72237282e+00 -4.69995467e+00 -3.31675846e+00 -3.24232785e+00 2.51088063e+01 2.53020533e+01 2.72637778e+01 3.25064462e+01 3.36671559e+01 3.41310046e+01 4.23486337e+01 4.35233849e+01 5.96612420e+01 
295 -9.79755182e+00 -4.82927157e+00 -4.73426842e+00 -4.71591803e+00 -3.30344351e+00 -3.24493207e+00 2.54610054e+01 2.56370386e+01 2.72446045e+01 3.24870463e+01 3.34526032e+01 3.38505465e+01 4.26694524e+01 4.36138732e+01 5.96947244e+01 
296 -9.83138249e+00 -4.81777502e+00 -4.74478560e+00 -4.73031398e+00 -3.29152592e+00 -3.24691876e+00 2.57967652e+01 2.59514755e+01 2.72266904e+01 3.24700427e+01 3.32474447e+01 3.35775469e+01 4.29611617e+01 4.36956698e+01 5.97278453e+01 
297 -9.86078700e+00 -4.80770193e+00 -4.75391646e+00 -4.74302006e+00 -3.28106794e+00 -3.24841077e+00 2.61115154e+01 2.62412039e+01 2.72104193e+01 3.24553927e+01 3.30547978e+01 3.33168564e+01 4.32207350e+01 4.37679262e+01 5.97593333e+01 
298 -9.88572878e+00 -4.79909897e+00 -4.76165416e+00 -4.75393406e+00 -3.27212428e+00 -3.24951050e+00 2.63995174e+01 2.65014063e+01 2.71961169e+01 3.24430590e+01 3.28785199e+01 3.30744022e+01 4.34454148e+01 4.38299857e+01 5.97880413e+01 
299 -9.90617713e+00 -4.79200581e+00 -4.76799290e+00 -4.76297245e+00 -3.26474180e+00 -3.25030160e+00 2.66537057e+01 2.67266115e+01 2.71840541e+01 3.24330103e+01 3.27232267e+01 3.28573727e+01 4.36327643e+01 4.38813481e+01 5.98129645e+01 
300 -9.92210709e+00 -4.78645502e+00 -4.77292793e+00 -4.77006883e+00 -3.25895926e+00 -3.25085043e+00 2.68657402e+01 2.69108586e+01 2.71744491e+01 3.24252212e+01 3.25941491e+01 3.26741850e+01 4.37807152e+01 4.39216412e+01 5.98332561e+01 
301 -9.93349935e+00 -4.78247198e+00 -4.77645559e+00 -4.77517285e+00 -3.25480702e+00 -3.25120733e+00 2.70265107e+01 2.70481178e+01 2.71674698e+01 3.24196717e+01 3.24967291e+01 3.25339952e+01 4.38876104e+01 4.39505982e+01 5.98482419e+01 
302 -9.94034018e+00 -4.78007489e+00 -4.77857323e+00 -4.77824920e+00 -3.25230690e+00 -3.25140756e+00 2.71273261e+01 2.71330183e+01 2.71632349e+01 3.24163477e+01 3.24359077e+01 3.24455196e+01 4.39522395e+01 4.39680405e+01 5.98574319e+01 
303 -9.94262137e+00 -4.77927929e+00 -4.77927929e+00 -4.77927231e+00 -3.25147207e+00 -3.25147200e+00 2.71616949e+01 2.71618155e+01 2.71618155e+01 3.24151885e+01 3.24152406e+01 3.24152406e+01 4.39738650e+01 4.39738658e+01 5.98605285e+01 000-111
304 -9.93926658e+00 -4.78029686e+00 -4.77808383e+00 -4.77807767e+00 -3.25203813e+00 -3.25203799e+00 2.70966400e+01 2.71489897e+01 2.71490966e+01 3.24311894e+01 3.24312361e+01 3.24596656e+01 4.39536864e+01 4.39536873e+01 5.98559751e+01 
305 -9.92920872e+00 -4.78333916e+00 -4.77451003e+00 -4.77450402e+00 -3.25372156e+00 -3.25372120e+00 2.69078931e+01 2.71113479e+01 2.71114542e+01 3.24786317e+01 3.24786798e+01 3.25863823e+01 4.38934515e+01 4.38934527e+01 5.98424704e+01 
306 -9.91246752e+00 -4.78836716e+00 -4.76859589e+00 -4.76859012e+00 -3.25647786e+00 -3.25647712e+00 2.66124503e+01 2.70502451e+01 2.70503505e+01 3.25559706e+01 3.25560208e+01 3.27789827e+01 4.37940589e+01 4.37940609e+01 5.98204712e+01 
307 -9.88907631e+00 -4.79531672e+00 -4.76040552e+00 -4.76040008e+00 -3.26023223e+00 -3.26023096e+00 2.62306429e+01 2.69678790e+01 2.69679832e+01 3.26608527e+01 3.26609057e+01 3.30179303e+01 4.36569934e+01 4.36569963e+01 5.97907039e+01 
308 -9.85908275e+00 -4.80409729e+00 -4.75003032e+00 -4.75002532e+00 -3.26487867e+00 -3.26487671e+00 2.57812237e+01 2.68669038e+01 2.68670066e+01 3.27903867e+01 3.27904433e+01 3.32855518e+01 4.34843074e+01 4.34843116e+01 5.97541158e+01 
309 -9.82254981e+00 -4.81459114e+00 -4.73759065e+00 -4.73758622e+00 -3.27027867e+00 -3.27027586e+00 2.52794734e+01 2.67501592e+01 2.67502606e+01 3.29413941e+01 3.29414548e+01 3.35678989e+01 4.32786009e+01 4.32786068e+01 5.97118134e+01 
310 -9.77955717e+00 -4.82665226e+00 -4.72323788e+00 -4.72323412e+00 -3.27625964e+00 -3.27625580e+00 2.47372553e+01 2.66204530e+01 2.66205531e+01 3.31105946e+01 3.31106601e+01 3.38546536e+01 4.30430024e+01 4.30430103e+01 5.96649922e+01 
311 -9.73020296e+00 -4.84010495e+00 -4.70715678e+00 -4.70715382e+00 -3.28261300e+00 -3.28260795e+00 2.41637342e+01 2.64804168e+01 2.64805155e+01 3.32947061e+01 3.32947769e+01 3.41383660e+01 4.27811574e+01 4.27811678e+01 5.96148642e+01 
312 -9.67460599e+00 -4.85474204e+00 -4.68956814e+00 -4.68956614e+00 -3.28909227e+00 -3.28908581e+00 2.35661173e+01 2.63324273e+01 2.63325247e+01 3.34904584e+01 3.34905352e+01 3.44136640e+01 4.24972329e+01 4.24972463e+01 5.95625886e+01 
313 -9.61290843e+00 -4.87032265e+00 -4.67073142e+00 -4.67073051e+00 -3.29541113e+00 -3.29540308e+00 2.29502282e+01 2.61785782e+01 2.61786744e+01 3.36945310e+01 3.36946145e+01 3.46766298e+01 4.21959466e+01 4.21959636e+01 5.95092117e+01 
314 -9.54527917e+00 -4.88656944e+00 -4.65094725e+00 -4.65094690e+00 -3.30124211e+00 -3.30123225e+00 2.23209018e+01 2.60206836e+01 2.60207789e+01 3.39034214e+01 3.39035124e+01 3.49243563e+01 4.18826346e+01 4.18826559e+01 5.94556190e+01 
315 -9.47191779e+00 -4.90316522e+00 -4.63055882e+00 -4.63055705e+00 -3.30621609e+00 -3.30620421e+00 2.16822416e+01 2.58603000e+01 2.58603943e+01 3.41132464e+01 3.41133457e+01 3.51546443e+01 4.15633711e+01 4.15633974e+01 5.94025033e+01 
316 -9.39305941e+00 -4.91974889e+00 -4.60994938e+00 -4.60994602e+00 -3.30992381e+00 -3.30990970e+00 2.10377813e+01 2.56987545e+01 2.56988481e+01 3.43194745e+01 3.43195831e+01 3.53657999e+01 4.12451535e+01 4.12451857e+01 5.93503519e+01 
317 -9.30898036e+00 -4.93591064e+00 -4.58954174e+00 -4.58953663e+00 -3.31191992e+00 -3.31190337e+00 2.03905845e+01 2.55371767e+01 2.55372697e+01 3.45165921e+01 3.45167109e+01 3.55565017e+01 4.09361583e+01 4.09361971e+01 5.92994525e+01 
318 -9.22000486e+00 -4.95118624e+00 -4.56979035e+00 -4.56978332e+00 -3.31173107e+00 -3.31171189e+00 1.97433065e+01 2.53765273e+01 2.53766198e+01 3.46977367e+01 3.46978665e+01 3.57257136e+01 4.06460367e+01 4.06460829e+01 5.92499199e+01 
319 -9.12651274e+00 -4.96505047e+00 -4.55116951e+00 -4.55116045e+00 -3.30886886e+00 -3.30884688e+00 1.90982338e+01 2.52176248e+01 2.52177170e+01 3.48544070e+01 3.48545484e+01 3.58726292e+01 4.03861446e+01 4.03861986e+01 5.92017417e+01 
320 -9.02894815e+00 -4.97690979e+00 -4.53415607e+00 -4.53414486e+00 -3.30284831e+00 -3.30282339e+00 1.84573112e+01 2.50611678e+01 2.50612597e+01 3.49765059e+01 3.49766587e+01 3.59966380e+01 4.01694490e+01 4.01695104e+01 5.91548413e+01 
321 -8.92782911e+00 -4.98609429e+00 -4.51920680e+00 -4.51919341e+00 -3.29321165e+00 -3.29318371e+00 1.78221646e+01 2.49077542e+01 2.49078459e+01 3.50531357e+01 3.50532986e+01 3.60973051e+01 4.00096916e+01 4.00097590e+01 5.91091573e+01 
322 -8.82375749e+00 -4.99184948e+00 -4.50673234e+00 -4.50671676e+00 -3.27955564e+00 -3.27952463e+00 1.71941216e+01 2.47578968e+01 2.47579884e+01 3.50745091e+01 3.50746795e+01 3.61743623e+01 3.99194454e+01 3.99195160e+01 5.90647335e+01 
323 -8.71742869e+00 -4.99332861e+00 -4.49707061e+00 -4.49705289e+00 -3.26155928e+00 -3.26152525e+00 1.65742337e+01 2.46120367e+01 2.46121284e+01 3.50346726e+01 3.50348470e+01 3.62277058e+01 3.99073654e+01 3.99074353e+01 5.90218177e+01 
324 -8.60963978e+00 -4.98958681e+00 -4.49046404e+00 -4.49044431e+00 -3.23900781e+00 -3.23897084e+00 1.59633010e+01 2.44705536e+01 2.44706453e+01 3.49336612e+01 3.49338359e+01 3.62574003e+01 3.99760132e+01 3.99760786e+01 5.89809606e+01 
325 -8.50129410e+00 -4.97957894e+00 -4.48704473e+00 -4.48702316e+00 -3.21180865e+00 -3.21176888e+00 1.53618974e+01 2.43337741e+01 2.43338659e+01 3.47775394e+01 3.47777113e+01 3.62636865e+01 4.01218009e+01 4.01218585e+01 5.89431114e+01 
326 -8.39339992e+00 -4.96216382e+00 -4.48683028e+00 -4.48680706e+00 -3.17999664e+00 -3.17995425e+00 1.47704005e+01 2.42019788e+01 2.42020709e+01 3.45762993e+01 3.45764666e+01 3.62469935e+01 4.03370786e+01 4.03371263e+01 5.89096997e+01 
327 -8.28705948e+00 -4.93611805e+00 -4.48973061e+00 -4.48970597e+00 -3.14372817e+00 -3.14368338e+00 1.41890205e+01 2.40754075e+01 2.40754998e+01 3.43411290e+01 3.43412908e+01 3.62079519e+01 4.06128535e+01 4.06128902e+01 5.88826979e+01 
328 -8.18344527e+00 -4.90016314e+00 -4.49556383e+00 -4.49553800e+00 -3.10326621e+00 -3.10321922e+00 1.36178323e+01 2.39542628e+01 2.39543554e+01 3.40824355e+01 3.40825919e+01 3.61474093e+01 4.09407517e+01 4.09407771e+01 5.88646562e+01 
329 -8.08376038e+00 -4.85300857e+00 -4.50407747e+00 -4.50405068e+00 -3.05895973e+00 -3.05891075e+00 1.30568059e+01 2.38387135e+01 2.38388065e+01 3.38089564e+01 3.38091078e+01 3.60664443e+01 4.13138885e+01 4.13139025e+01 5.88587035e+01 
330 -7.98918250e+00 -4.79341149e+00 -4.51497122e+00 -4.51494367e+00 -3.01122157e+00 -3.01117080e+00 1.25058379e+01 2.37288962e+01 2.37289896e+01 3.35276275e+01 3.35277744e+01 3.59663779e+01 4.17269776e+01 4.17269807e+01 5.88685097e+01 
331 -7.90079458e+00 -4.72024993e+00 -4.52791797e+00 -4.52788985e+00 -2.96050773e+00 -2.96045535e+00 1.19647810e+01 2.36249169e+01 2.36250106e+01 3.32437975e+01 3.32439405e+01 3.58487786e+01 4.21760793e+01 4.21760869e+01 5.88982075e+01 
332 -7.81951032e+00 -4.63260146e+00 -4.54258126e+00 -4.54255273e+00 -2.90730010e+00 -2.90724625e+00 1.14334721e+01 2.35268512e+01 2.35269454e+01 3.29615378e+01 3.29616775e+01 3.57154599e+01 4.26582728e+01 4.26582908e+01 5.89522734e+01 
333 -7.74600660e+00 -4.55862851e+00 -4.55859968e+00 -4.52981499e+00 -2.85209308e+00 -2.85203790e+00 1.09117572e+01 2.34347448e+01 2.34348395e+01 3.26839330e+01 3.26840700e+01 3.55684653e+01 4.31713056e+01 4.31713338e+01 5.90353715e+01 
334 -7.68067633e+00 -4.57574000e+00 -4.57571101e+00 -4.41156280e+00 -2.79538421e+00 -2.79532782e+00 1.03995149e+01 2.33486132e+01 2.33487083e+01 3.24133185e+01 3.24134534e+01 3.54100417e+01 4.37132978e+01 4.37133360e+01 5.91521650e+01 
335 -7.62361178e+00 -4.59361474e+00 -4.59358566e+00 -4.27786231e+00 -2.73766779e+00 -2.73761027e+00 9.89667587e+00 2.32684411e+01 2.32685368e+01 3.21514640e+01 3.21515971e+01 3.52425985e+01 4.42824956e+01 4.42825437e+01 5.93071015e+01 
336 -7.57462111e+00 -4.61197332e+00 -4.61194423e+00 -4.12906576e+00 -2.67943087e+00 -2.67937231e+00 9.40323936e+00 2.31941823e+01 2.31942784e+01 3.18997109e+01 3.18998425e+01 3.50686543e+01 4.48770562e+01 4.48771141e+01 5.95041783e+01 
337 -7.53327306e+00 -4.63055914e+00 -4.63053009e+00 -3.96582304e+00 -2.62115085e+00 -2.62109131e+00 8.91928803e+00 2.31257590e+01 2.31258557e+01 3.16590761e+01 3.16592066e+01 3.48907749e+01 4.54948591e+01 4.54949268e+01 5.97466951e+01 
338 -7.49895853e+00 -4.64913837e+00 -4.64910939e+00 -3.78902952e+00 -2.56329383e+00 -2.56323338e+00 8.44500036e+00 2.30630622e+01 2.30631593e+01 3.14303294e+01 3.14304590e+01 3.47115058e+01 4.61333359e+01 4.61334133e+01 6.00369977e+01 
339 -7.47095679e+00 -4.66749912e+00 -4.66747024e+00 -3.59977252e+00 -2.50631354e+00 -2.50625223e+00 7.98066344e+00 2.30059518e+01 2.30060494e+01 3.12140527e+01 3.12141816e+01 3.45333048e+01 4.67893166e+01 4.67894038e+01 6.03762198e+01 
340 -7.44849593e+00 -4.68545019e+00 -4.68542144e+00 -3.39928788e+00 -2.45065024e+00 -2.45058812e+00 7.52668734e+00 2.29542577e+01 2.29543557e+01 3.10106848e+01 3.10108133e+01 3.43584814e+01 4.74588930e+01 4.74589900e+01 6.07640259e+01 
341 -7.43080177e+00 -4.70281976e+00 -4.70279114e+00 -3.18893486e+00 -2.39672958e+00 -2.39666669e+00 7.08362440e+00 2.29077817e+01 2.29078802e+01 3.08205563e+01 3.08206844e+01 3.41891461e+01 4.81373023e+01 4.81374090e+01 6.11983662e+01 
342 -7.41713303e+00 -4.71945387e+00 -4.71942539e+00 -2.97019396e+00 -2.34496120e+00 -2.34489758e+00 6.65219673e+00 2.28662999e+01 2.28663989e+01 3.06439161e+01 3.06440441e+01 3.40271737e+01 4.88188401e+01 4.88189563e+01 6.16752527e+01 
343 -7.40680386e+00 -4.73521511e+00 -4.73518676e+00 -2.74469135e+00 -2.29573706e+00 -2.29567277e+00 6.23333734e+00 2.28295667e+01 2.28296660e+01 3.04809531e+01 3.04810809e+01 3.38741830e+01 4.94968096e+01 4.94969352e+01 6.21885766e+01 
344 -7.39919608e+00 -4.74998130e+00 -4.74995309e+00 -2.51425281e+00 -2.24942958e+00 -2.24936466e+00 5.82825086e+00 2.27973184e+01 2.27974181e+01 3.03318112e+01 3.03319390e+01 3.37315315e+01 5.01635220e+01 5.01636568e+01 6.27299889e+01 
345 -7.39376382e+00 -4.76364437e+00 -4.76361629e+00 -2.28099300e+00 -2.20638945e+00 -2.20632394e+00 5.43850312e+00 2.27692796e+01 2.27693796e+01 3.01966027e+01 3.01967306e+01 3.36003242e+01 5.08103562e+01 5.08104997e+01 6.32888771e+01 
346 -7.39003322e+00 -4.77610932e+00 -4.77608136e+00 -2.16694339e+00 -2.16687736e+00 -2.04744791e+00 5.06614998e+00 2.27451687e+01 2.27452690e+01 3.00754167e+01 3.00755446e+01 3.34814331e+01 5.14278908e+01 5.14280426e+01 6.38524713e+01 
347 -7.38759909e+00 -4.78729335e+00 -4.78726550e+00 -2.13139182e+00 -2.13132531e+00 -1.81676137e+00 4.71391888e+00 2.27247052e+01 2.27248058e+01 2.99683258e+01 2.99684538e+01 3.33755248e+01 5.20061146e+01 5.20062743e+01 6.44061128e+01 
348 -7.38612005e+00 -4.79712504e+00 -4.79709729e+00 -2.10000645e+00 -2.09993952e+00 -1.59293493e+00 4.38545343e+00 2.27076170e+01 2.27077179e+01 2.98753910e+01 2.98755190e+01 3.32830918e+01 5.25347172e+01 5.25348839e+01 6.49337136e+01 
349 -7.38531317e+00 -4.80554375e+00 -4.80551608e+00 -2.07302803e+00 -2.07296075e+00 -1.38113670e+00 4.08561777e+00 2.26936482e+01 2.26937492e+01 2.97966637e+01 2.97967919e+01 3.32044850e+01 5.30034518e+01 5.30036247e+01 6.54184140e+01 
350 -7.38494873e+00 -4.81249904e+00 -4.81247145e+00 -2.05066427e+00 -2.05059669e+00 -1.18802063e+00 3.82081234e+00 2.26825663e+01 2.26826675e+01 2.97321880e+01 2.97323163e+01 3.31399446e+01 5.34025565e+01 5.34027347e+01 6.58434238e+01 
351 -7.38484550e+00 -4.81795024e+00 -4.81792270e+00 -2.03308786e+00 -2.03302005e+00 -1.02190415e+00 3.59914910e+00 2.26741699e+01 2.26742711e+01 2.96820006e+01 2.96821289e+01 3.30896281e+01 5.37232058e+01 5.37233882e+01 6.61929997e+01 
352 -7.38486672e+00 -4.82186607e+00 -4.82183857e+00 -2.02043491e+00 -2.02036693e+00 -8.92479125e-01 3.43016099e+00 2.26682947e+01 2.26683960e+01 2.96461308e+01 2.96462591e+01 3.30536334e+01 5.39579593e+01 5.39581448e+01 6.64534784e+01 
353 -7.38491698e+00 -4.82422437e+00 -4.82419689e+00 -2.01280360e+00 -2.01273551e+00 -8.09602173e-01 3.32359141e+00 2.26648193e+01 2.26649207e+01 2.96246000e+01 2.96247285e+01 3.30320175e+01 5.41011695e+01 5.41013568e+01 6.66142596e+01 
