0.00000000e+00 0.00000000e+00 0.00000000e+00 G
0.00000000e+00 2.45098039e-03 0.00000000e+00 
0.00000000e+00 4.90196078e-03 0.00000000e+00 
0.00000000e+00 7.35294118e-03 0.00000000e+00 
0.00000000e+00 9.80392157e-03 0.00000000e+00 
0.00000000e+00 1.22549020e-02 0.00000000e+00 
0.00000000e+00 1.47058824e-02 0.00000000e+00 
0.00000000e+00 1.71568627e-02 0.00000000e+00 
0.00000000e+00 1.96078431e-02 0.00000000e+00 
0.00000000e+00 2.20588235e-02 0.00000000e+00 
0.00000000e+00 2.45098039e-02 0.00000000e+00 
0.00000000e+00 2.69607843e-02 0.00000000e+00 
0.00000000e+00 2.94117647e-02 0.00000000e+00 
0.00000000e+00 3.18627451e-02 0.00000000e+00 
0.00000000e+00 3.43137255e-02 0.00000000e+00 
0.00000000e+00 3.67647059e-02 0.00000000e+00 
0.00000000e+00 3.92156863e-02 0.00000000e+00 
0.00000000e+00 4.16666667e-02 0.00000000e+00 
0.00000000e+00 4.41176471e-02 0.00000000e+00 
0.00000000e+00 4.65686275e-02 0.00000000e+00 
0.00000000e+00 4.90196078e-02 0.00000000e+00 
0.00000000e+00 5.14705882e-02 0.00000000e+00 
0.00000000e+00 5.39215686e-02 0.00000000e+00 
0.00000000e+00 5.63725490e-02 0.00000000e+00 
0.00000000e+00 5.88235294e-02 0.00000000e+00 
0.00000000e+00 6.12745098e-02 0.00000000e+00 
0.00000000e+00 6.37254902e-02 0.00000000e+00 
0.00000000e+00 6.61764706e-02 0.00000000e+00 
0.00000000e+00 6.86274510e-02 0.00000000e+00 
0.00000000e+00 7.10784314e-02 0.00000000e+00 
0.00000000e+00 7.35294118e-02 0.00000000e+00 
0.00000000e+00 7.59803922e-02 0.00000000e+00 
0.00000000e+00 7.84313725e-02 0.00000000e+00 
0.00000000e+00 8.08823529e-02 0.00000000e+00 
0.00000000e+00 8.33333333e-02 0.00000000e+00 
0.00000000e+00 8.57843137e-02 0.00000000e+00 
0.00000000e+00 8.82352941e-02 0.00000000e+00 
0.00000000e+00 9.06862745e-02 0.00000000e+00 
0.00000000e+00 9.31372549e-02 0.00000000e+00 
0.00000000e+00 9.55882353e-02 0.00000000e+00 
0.00000000e+00 9.80392157e-02 0.00000000e+00 
0.00000000e+00 1.00490196e-01 0.00000000e+00 
0.00000000e+00 1.02941176e-01 0.00000000e+00 
0.00000000e+00 1.05392157e-01 0.00000000e+00 
0.00000000e+00 1.07843137e-01 0.00000000e+00 
0.00000000e+00 1.10294118e-01 0.00000000e+00 
0.00000000e+00 1.12745098e-01 0.00000000e+00 
0.00000000e+00 1.15196078e-01 0.00000000e+00 
0.00000000e+00 1.17647059e-01 0.00000000e+00 
0.00000000e+00 1.20098039e-01 0.00000000e+00 
0.00000000e+00 1.22549020e-01 0.00000000e+00 
0.00000000e+00 1.25000000e-01 0.00000000e+00 
0.00000000e+00 1.27450980e-01 0.00000000e+00 
0.00000000e+00 1.29901961e-01 0.00000000e+00 
0.00000000e+00 1.32352941e-01 0.00000000e+00 
0.00000000e+00 1.34803922e-01 0.00000000e+00 
0.00000000e+00 1.37254902e-01 0.00000000e+00 
0.00000000e+00 1.39705882e-01 0.00000000e+00 
0.00000000e+00 1.42156863e-01 0.00000000e+00 
0.00000000e+00 1.44607843e-01 0.00000000e+00 
0.00000000e+00 1.47058824e-01 0.00000000e+00 
0.00000000e+00 1.49509804e-01 0.00000000e+00 
0.00000000e+00 1.51960784e-01 0.00000000e+00 
0.00000000e+00 1.54411765e-01 0.00000000e+00 
0.00000000e+00 1.56862745e-01 0.00000000e+00 
0.00000000e+00 1.59313725e-01 0.00000000e+00 
0.00000000e+00 1.61764706e-01 0.00000000e+00 
0.00000000e+00 1.64215686e-01 0.00000000e+00 
0.00000000e+00 1.66666667e-01 0.00000000e+00 
0.00000000e+00 1.69117647e-01 0.00000000e+00 
0.00000000e+00 1.71568627e-01 0.00000000e+00 
0.00000000e+00 1.74019608e-01 0.00000000e+00 
0.00000000e+00 1.76470588e-01 0.00000000e+00 
0.00000000e+00 1.78921569e-01 0.00000000e+00 
0.00000000e+00 1.81372549e-01 0.00000000e+00 
0.00000000e+00 1.83823529e-01 0.00000000e+00 
0.00000000e+00 1.86274510e-01 0.00000000e+00 
0.00000000e+00 1.88725490e-01 0.00000000e+00 
0.00000000e+00 1.91176471e-01 0.00000000e+00 
0.00000000e+00 1.93627451e-01 0.00000000e+00 
0.00000000e+00 1.96078431e-01 0.00000000e+00 
0.00000000e+00 1.98529412e-01 0.00000000e+00 
0.00000000e+00 2.00980392e-01 0.00000000e+00 
0.00000000e+00 2.03431373e-01 0.00000000e+00 
0.00000000e+00 2.05882353e-01 0.00000000e+00 
0.00000000e+00 2.08333333e-01 0.00000000e+00 
0.00000000e+00 2.10784314e-01 0.00000000e+00 
0.00000000e+00 2.13235294e-01 0.00000000e+00 
0.00000000e+00 2.15686275e-01 0.00000000e+00 
0.00000000e+00 2.18137255e-01 0.00000000e+00 
0.00000000e+00 2.20588235e-01 0.00000000e+00 
0.00000000e+00 2.23039216e-01 0.00000000e+00 
0.00000000e+00 2.25490196e-01 0.00000000e+00 
0.00000000e+00 2.27941176e-01 0.00000000e+00 
0.00000000e+00 2.30392157e-01 0.00000000e+00 
0.00000000e+00 2.32843137e-01 0.00000000e+00 
0.00000000e+00 2.35294118e-01 0.00000000e+00 
0.00000000e+00 2.37745098e-01 0.00000000e+00 
0.00000000e+00 2.40196078e-01 0.00000000e+00 
0.00000000e+00 2.42647059e-01 0.00000000e+00 
0.00000000e+00 2.45098039e-01 0.00000000e+00 X
1.22549020e-03 2.45098039e-01 0.00000000e+00 
2.45098039e-03 2.45098039e-01 0.00000000e+00 
3.67647059e-03 2.45098039e-01 0.00000000e+00 
4.90196078e-03 2.45098039e-01 0.00000000e+00 
6.12745098e-03 2.45098039e-01 0.00000000e+00 
7.35294118e-03 2.45098039e-01 0.00000000e+00 
8.57843137e-03 2.45098039e-01 0.00000000e+00 
9.80392157e-03 2.45098039e-01 0.00000000e+00 
1.10294118e-02 2.45098039e-01 0.00000000e+00 
1.22549020e-02 2.45098039e-01 0.00000000e+00 
1.34803922e-02 2.45098039e-01 0.00000000e+00 
1.47058824e-02 2.45098039e-01 0.00000000e+00 
1.59313725e-02 2.45098039e-01 0.00000000e+00 
1.71568627e-02 2.45098039e-01 0.00000000e+00 
1.83823529e-02 2.45098039e-01 0.00000000e+00 
1.96078431e-02 2.45098039e-01 0.00000000e+00 
2.08333333e-02 2.45098039e-01 0.00000000e+00 
2.20588235e-02 2.45098039e-01 0.00000000e+00 
2.32843137e-02 2.45098039e-01 0.00000000e+00 
2.45098039e-02 2.45098039e-01 0.00000000e+00 
2.57352941e-02 2.45098039e-01 0.00000000e+00 
2.69607843e-02 2.45098039e-01 0.00000000e+00 
2.81862745e-02 2.45098039e-01 0.00000000e+00 
2.94117647e-02 2.45098039e-01 0.00000000e+00 
3.06372549e-02 2.45098039e-01 0.00000000e+00 
3.18627451e-02 2.45098039e-01 0.00000000e+00 
3.30882353e-02 2.45098039e-01 0.00000000e+00 
3.43137255e-02 2.45098039e-01 0.00000000e+00 
3.55392157e-02 2.45098039e-01 0.00000000e+00 
3.67647059e-02 2.45098039e-01 0.00000000e+00 
3.79901961e-02 2.45098039e-01 0.00000000e+00 
3.92156863e-02 2.45098039e-01 0.00000000e+00 
4.04411765e-02 2.45098039e-01 0.00000000e+00 
4.16666667e-02 2.45098039e-01 0.00000000e+00 
4.28921569e-02 2.45098039e-01 0.00000000e+00 
4.41176471e-02 2.45098039e-01 0.00000000e+00 
4.53431373e-02 2.45098039e-01 0.00000000e+00 
4.65686275e-02 2.45098039e-01 0.00000000e+00 
4.77941176e-02 2.45098039e-01 0.00000000e+00 
4.90196078e-02 2.45098039e-01 0.00000000e+00 
5.02450980e-02 2.45098039e-01 0.00000000e+00 
5.14705882e-02 2.45098039e-01 0.00000000e+00 
5.26960784e-02 2.45098039e-01 0.00000000e+00 
5.39215686e-02 2.45098039e-01 0.00000000e+00 
5.51470588e-02 2.45098039e-01 0.00000000e+00 
5.63725490e-02 2.45098039e-01 0.00000000e+00 
5.75980392e-02 2.45098039e-01 0.00000000e+00 
5.88235294e-02 2.45098039e-01 0.00000000e+00 
6.00490196e-02 2.45098039e-01 0.00000000e+00 
6.12745098e-02 2.45098039e-01 0.00000000e+00 
6.25000000e-02 2.45098039e-01 0.00000000e+00 
6.37254902e-02 2.45098039e-01 0.00000000e+00 
6.49509804e-02 2.45098039e-01 0.00000000e+00 
6.61764706e-02 2.45098039e-01 0.00000000e+00 
6.74019608e-02 2.45098039e-01 0.00000000e+00 
6.86274510e-02 2.45098039e-01 0.00000000e+00 
6.98529412e-02 2.45098039e-01 0.00000000e+00 
7.10784314e-02 2.45098039e-01 0.00000000e+00 
7.23039216e-02 2.45098039e-01 0.00000000e+00 
7.35294118e-02 2.45098039e-01 0.00000000e+00 
7.47549020e-02 2.45098039e-01 0.00000000e+00 
7.59803922e-02 2.45098039e-01 0.00000000e+00 
7.72058824e-02 2.45098039e-01 0.00000000e+00 
7.84313725e-02 2.45098039e-01 0.00000000e+00 
7.96568627e-02 2.45098039e-01 0.00000000e+00 
8.08823529e-02 2.45098039e-01 0.00000000e+00 
8.21078431e-02 2.45098039e-01 0.00000000e+00 
8.33333333e-02 2.45098039e-01 0.00000000e+00 
8.45588235e-02 2.45098039e-01 0.00000000e+00 
8.57843137e-02 2.45098039e-01 0.00000000e+00 
8.70098039e-02 2.45098039e-01 0.00000000e+00 
8.82352941e-02 2.45098039e-01 0.00000000e+00 
8.94607843e-02 2.45098039e-01 0.00000000e+00 
9.06862745e-02 2.45098039e-01 0.00000000e+00 
9.19117647e-02 2.45098039e-01 0.00000000e+00 
9.31372549e-02 2.45098039e-01 0.00000000e+00 
9.43627451e-02 2.45098039e-01 0.00000000e+00 
9.55882353e-02 2.45098039e-01 0.00000000e+00 
9.68137255e-02 2.45098039e-01 0.00000000e+00 
9.80392157e-02 2.45098039e-01 0.00000000e+00 
9.92647059e-02 2.45098039e-01 0.00000000e+00 
1.00490196e-01 2.45098039e-01 0.00000000e+00 
1.01715686e-01 2.45098039e-01 0.00000000e+00 
1.02941176e-01 2.45098039e-01 0.00000000e+00 
1.04166667e-01 2.45098039e-01 0.00000000e+00 
1.05392157e-01 2.45098039e-01 0.00000000e+00 
1.06617647e-01 2.45098039e-01 0.00000000e+00 
1.07843137e-01 2.45098039e-01 0.00000000e+00 
1.09068627e-01 2.45098039e-01 0.00000000e+00 
1.10294118e-01 2.45098039e-01 0.00000000e+00 
1.11519608e-01 2.45098039e-01 0.00000000e+00 
1.12745098e-01 2.45098039e-01 0.00000000e+00 
1.13970588e-01 2.45098039e-01 0.00000000e+00 
1.15196078e-01 2.45098039e-01 0.00000000e+00 
1.16421569e-01 2.45098039e-01 0.00000000e+00 
1.17647059e-01 2.45098039e-01 0.00000000e+00 
1.18872549e-01 2.45098039e-01 0.00000000e+00 
1.20098039e-01 2.45098039e-01 0.00000000e+00 
1.21323529e-01 2.45098039e-01 0.00000000e+00 
1.22549020e-01 2.45098039e-01 0.00000000e+00 W
1.23161765e-01 2.44485294e-01 0.00000000e+00 
1.23774510e-01 2.43872549e-01 0.00000000e+00 
1.24387255e-01 2.43259804e-01 0.00000000e+00 
1.25000000e-01 2.42647059e-01 0.00000000e+00 
1.25612745e-01 2.42034314e-01 0.00000000e+00 
1.26225490e-01 2.41421569e-01 0.00000000e+00 
1.26838235e-01 2.40808824e-01 0.00000000e+00 
1.27450980e-01 2.40196078e-01 0.00000000e+00 
1.28063725e-01 2.39583333e-01 0.00000000e+00 
1.28676471e-01 2.38970588e-01 0.00000000e+00 
1.29289216e-01 2.38357843e-01 0.00000000e+00 
1.29901961e-01 2.37745098e-01 0.00000000e+00 
1.30514706e-01 2.37132353e-01 0.00000000e+00 
1.31127451e-01 2.36519608e-01 0.00000000e+00 
1.31740196e-01 2.35906863e-01 0.00000000e+00 
1.32352941e-01 2.35294118e-01 0.00000000e+00 
1.32965686e-01 2.34681373e-01 0.00000000e+00 
1.33578431e-01 2.34068627e-01 0.00000000e+00 
1.34191176e-01 2.33455882e-01 0.00000000e+00 
1.34803922e-01 2.32843137e-01 0.00000000e+00 
1.35416667e-01 2.32230392e-01 0.00000000e+00 
1.36029412e-01 2.31617647e-01 0.00000000e+00 
1.36642157e-01 2.31004902e-01 0.00000000e+00 
1.37254902e-01 2.30392157e-01 0.00000000e+00 
1.37867647e-01 2.29779412e-01 0.00000000e+00 
1.38480392e-01 2.29166667e-01 0.00000000e+00 
1.39093137e-01 2.28553922e-01 0.00000000e+00 
1.39705882e-01 2.27941176e-01 0.00000000e+00 
1.40318627e-01 2.27328431e-01 0.00000000e+00 
1.40931373e-01 2.26715686e-01 0.00000000e+00 
1.41544118e-01 2.26102941e-01 0.00000000e+00 
1.42156863e-01 2.25490196e-01 0.00000000e+00 
1.42769608e-01 2.24877451e-01 0.00000000e+00 
1.43382353e-01 2.24264706e-01 0.00000000e+00 
1.43995098e-01 2.23651961e-01 0.00000000e+00 
1.44607843e-01 2.23039216e-01 0.00000000e+00 
1.45220588e-01 2.22426471e-01 0.00000000e+00 
1.45833333e-01 2.21813725e-01 0.00000000e+00 
1.46446078e-01 2.21200980e-01 0.00000000e+00 
1.47058824e-01 2.20588235e-01 0.00000000e+00 
1.47671569e-01 2.19975490e-01 0.00000000e+00 
1.48284314e-01 2.19362745e-01 0.00000000e+00 
1.48897059e-01 2.18750000e-01 0.00000000e+00 
1.49509804e-01 2.18137255e-01 0.00000000e+00 
1.50122549e-01 2.17524510e-01 0.00000000e+00 
1.50735294e-01 2.16911765e-01 0.00000000e+00 
1.51348039e-01 2.16299020e-01 0.00000000e+00 
1.51960784e-01 2.15686275e-01 0.00000000e+00 
1.52573529e-01 2.15073529e-01 0.00000000e+00 
1.53186275e-01 2.14460784e-01 0.00000000e+00 
1.53799020e-01 2.13848039e-01 0.00000000e+00 
1.54411765e-01 2.13235294e-01 0.00000000e+00 
1.55024510e-01 2.12622549e-01 0.00000000e+00 
1.55637255e-01 2.12009804e-01 0.00000000e+00 
1.56250000e-01 2.11397059e-01 0.00000000e+00 
1.56862745e-01 2.10784314e-01 0.00000000e+00 
1.57475490e-01 2.10171569e-01 0.00000000e+00 
1.58088235e-01 2.09558824e-01 0.00000000e+00 
1.58700980e-01 2.08946078e-01 0.00000000e+00 
1.59313725e-01 2.08333333e-01 0.00000000e+00 
1.59926471e-01 2.07720588e-01 0.00000000e+00 
1.60539216e-01 2.07107843e-01 0.00000000e+00 
1.61151961e-01 2.06495098e-01 0.00000000e+00 
1.61764706e-01 2.05882353e-01 0.00000000e+00 
1.62377451e-01 2.05269608e-01 0.00000000e+00 
1.62990196e-01 2.04656863e-01 0.00000000e+00 
1.63602941e-01 2.04044118e-01 0.00000000e+00 
1.64215686e-01 2.03431373e-01 0.00000000e+00 
1.64828431e-01 2.02818627e-01 0.00000000e+00 
1.65441176e-01 2.02205882e-01 0.00000000e+00 
1.66053922e-01 2.01593137e-01 0.00000000e+00 
1.66666667e-01 2.00980392e-01 0.00000000e+00 
1.67279412e-01 2.00367647e-01 0.00000000e+00 
1.67892157e-01 1.99754902e-01 0.00000000e+00 
1.68504902e-01 1.99142157e-01 0.00000000e+00 
1.69117647e-01 1.98529412e-01 0.00000000e+00 
1.69730392e-01 1.97916667e-01 0.00000000e+00 
1.70343137e-01 1.97303922e-01 0.00000000e+00 
1.70955882e-01 1.96691176e-01 0.00000000e+00 
1.71568627e-01 1.96078431e-01 0.00000000e+00 
1.72181373e-01 1.95465686e-01 0.00000000e+00 
1.72794118e-01 1.94852941e-01 0.00000000e+00 
1.73406863e-01 1.94240196e-01 0.00000000e+00 
1.74019608e-01 1.93627451e-01 0.00000000e+00 
1.74632353e-01 1.93014706e-01 0.00000000e+00 
1.75245098e-01 1.92401961e-01 0.00000000e+00 
1.75857843e-01 1.91789216e-01 0.00000000e+00 
1.76470588e-01 1.91176471e-01 0.00000000e+00 
1.77083333e-01 1.90563725e-01 0.00000000e+00 
1.77696078e-01 1.89950980e-01 0.00000000e+00 
1.78308824e-01 1.89338235e-01 0.00000000e+00 
1.78921569e-01 1.88725490e-01 0.00000000e+00 
1.79534314e-01 1.88112745e-01 0.00000000e+00 
1.80147059e-01 1.87500000e-01 0.00000000e+00 
1.80759804e-01 1.86887255e-01 0.00000000e+00 
1.81372549e-01 1.86274510e-01 0.00000000e+00 
1.81985294e-01 1.85661765e-01 0.00000000e+00 
1.82598039e-01 1.85049020e-01 0.00000000e+00 
1.83210784e-01 1.84436275e-01 0.00000000e+00 
1.83823529e-01 1.83823529e-01 0.00000000e+00 K
1.81985294e-01 1.81985294e-01 0.00000000e+00 
1.80147059e-01 1.80147059e-01 0.00000000e+00 
1.78308824e-01 1.78308824e-01 0.00000000e+00 
1.76470588e-01 1.76470588e-01 0.00000000e+00 
1.74632353e-01 1.74632353e-01 0.00000000e+00 
1.72794118e-01 1.72794118e-01 0.00000000e+00 
1.70955882e-01 1.70955882e-01 0.00000000e+00 
1.69117647e-01 1.69117647e-01 0.00000000e+00 
1.67279412e-01 1.67279412e-01 0.00000000e+00 
1.65441176e-01 1.65441176e-01 0.00000000e+00 
1.63602941e-01 1.63602941e-01 0.00000000e+00 
1.61764706e-01 1.61764706e-01 0.00000000e+00 
1.59926471e-01 1.59926471e-01 0.00000000e+00 
1.58088235e-01 1.58088235e-01 0.00000000e+00 
1.56250000e-01 1.56250000e-01 0.00000000e+00 
1.54411765e-01 1.54411765e-01 0.00000000e+00 
1.52573529e-01 1.52573529e-01 0.00000000e+00 
1.50735294e-01 1.50735294e-01 0.00000000e+00 
1.48897059e-01 1.48897059e-01 0.00000000e+00 
1.47058824e-01 1.47058824e-01 0.00000000e+00 
1.45220588e-01 1.45220588e-01 0.00000000e+00 
1.43382353e-01 1.43382353e-01 0.00000000e+00 
1.41544118e-01 1.41544118e-01 0.00000000e+00 
1.39705882e-01 1.39705882e-01 0.00000000e+00 
1.37867647e-01 1.37867647e-01 0.00000000e+00 
1.36029412e-01 1.36029412e-01 0.00000000e+00 
1.34191176e-01 1.34191176e-01 0.00000000e+00 
1.32352941e-01 1.32352941e-01 0.00000000e+00 
1.30514706e-01 1.30514706e-01 0.00000000e+00 
1.28676471e-01 1.28676471e-01 0.00000000e+00 
1.26838235e-01 1.26838235e-01 0.00000000e+00 
1.25000000e-01 1.25000000e-01 0.00000000e+00 
1.23161765e-01 1.23161765e-01 0.00000000e+00 
1.21323529e-01 1.21323529e-01 0.00000000e+00 
1.19485294e-01 1.19485294e-01 0.00000000e+00 
1.17647059e-01 1.17647059e-01 0.00000000e+00 
1.15808824e-01 1.15808824e-01 0.00000000e+00 
1.13970588e-01 1.13970588e-01 0.00000000e+00 
1.12132353e-01 1.12132353e-01 0.00000000e+00 
1.10294118e-01 1.10294118e-01 0.00000000e+00 
1.08455882e-01 1.08455882e-01 0.00000000e+00 
1.06617647e-01 1.06617647e-01 0.00000000e+00 
1.04779412e-01 1.04779412e-01 0.00000000e+00 
1.02941176e-01 1.02941176e-01 0.00000000e+00 
1.01102941e-01 1.01102941e-01 0.00000000e+00 
9.92647059e-02 9.92647059e-02 0.00000000e+00 
9.74264706e-02 9.74264706e-02 0.00000000e+00 
9.55882353e-02 9.55882353e-02 0.00000000e+00 
9.37500000e-02 9.37500000e-02 0.00000000e+00 
9.19117647e-02 9.19117647e-02 0.00000000e+00 
9.00735294e-02 9.00735294e-02 0.00000000e+00 
8.82352941e-02 8.82352941e-02 0.00000000e+00 
8.63970588e-02 8.63970588e-02 0.00000000e+00 
8.45588235e-02 8.45588235e-02 0.00000000e+00 
8.27205882e-02 8.27205882e-02 0.00000000e+00 
8.08823529e-02 8.08823529e-02 0.00000000e+00 
7.90441176e-02 7.90441176e-02 0.00000000e+00 
7.72058824e-02 7.72058824e-02 0.00000000e+00 
7.53676471e-02 7.53676471e-02 0.00000000e+00 
7.35294118e-02 7.35294118e-02 0.00000000e+00 
7.16911765e-02 7.16911765e-02 0.00000000e+00 
6.98529412e-02 6.98529412e-02 0.00000000e+00 
6.80147059e-02 6.80147059e-02 0.00000000e+00 
6.61764706e-02 6.61764706e-02 0.00000000e+00 
6.43382353e-02 6.43382353e-02 0.00000000e+00 
6.25000000e-02 6.25000000e-02 0.00000000e+00 
6.06617647e-02 6.06617647e-02 0.00000000e+00 
5.88235294e-02 5.88235294e-02 0.00000000e+00 
5.69852941e-02 5.69852941e-02 0.00000000e+00 
5.51470588e-02 5.51470588e-02 0.00000000e+00 
5.33088235e-02 5.33088235e-02 0.00000000e+00 
5.14705882e-02 5.14705882e-02 0.00000000e+00 
4.96323529e-02 4.96323529e-02 0.00000000e+00 
4.77941176e-02 4.77941176e-02 0.00000000e+00 
4.59558824e-02 4.59558824e-02 0.00000000e+00 
4.41176471e-02 4.41176471e-02 0.00000000e+00 
4.22794118e-02 4.22794118e-02 0.00000000e+00 
4.04411765e-02 4.04411765e-02 0.00000000e+00 
3.86029412e-02 3.86029412e-02 0.00000000e+00 
3.67647059e-02 3.67647059e-02 0.00000000e+00 
3.49264706e-02 3.49264706e-02 0.00000000e+00 
3.30882353e-02 3.30882353e-02 0.00000000e+00 
3.12500000e-02 3.12500000e-02 0.00000000e+00 
2.94117647e-02 2.94117647e-02 0.00000000e+00 
2.75735294e-02 2.75735294e-02 0.00000000e+00 
2.57352941e-02 2.57352941e-02 0.00000000e+00 
2.38970588e-02 2.38970588e-02 0.00000000e+00 
2.20588235e-02 2.20588235e-02 0.00000000e+00 
2.02205882e-02 2.02205882e-02 0.00000000e+00 
1.83823529e-02 1.83823529e-02 0.00000000e+00 
1.65441176e-02 1.65441176e-02 0.00000000e+00 
1.47058824e-02 1.47058824e-02 0.00000000e+00 
1.28676471e-02 1.28676471e-02 0.00000000e+00 
1.10294118e-02 1.10294118e-02 0.00000000e+00 
9.19117647e-03 9.19117647e-03 0.00000000e+00 
7.35294118e-03 7.35294118e-03 0.00000000e+00 
5.51470588e-03 5.51470588e-03 0.00000000e+00 
3.67647059e-03 3.67647059e-03 0.00000000e+00 
1.83823529e-03 1.83823529e-03 0.00000000e+00 
0.00000000e+00 0.00000000e+00 0.00000000e+00 G
1.22549020e-03 1.22549020e-03 1.22549020e-03 
2.45098039e-03 2.45098039e-03 2.45098039e-03 
3.67647059e-03 3.67647059e-03 3.67647059e-03 
4.90196078e-03 4.90196078e-03 4.90196078e-03 
6.12745098e-03 6.12745098e-03 6.12745098e-03 
7.35294118e-03 7.35294118e-03 7.35294118e-03 
8.57843137e-03 8.57843137e-03 8.57843137e-03 
9.80392157e-03 9.80392157e-03 9.80392157e-03 
1.10294118e-02 1.10294118e-02 1.10294118e-02 
1.22549020e-02 1.22549020e-02 1.22549020e-02 
1.34803922e-02 1.34803922e-02 1.34803922e-02 
1.47058824e-02 1.47058824e-02 1.47058824e-02 
1.59313725e-02 1.59313725e-02 1.59313725e-02 
1.71568627e-02 1.71568627e-02 1.71568627e-02 
1.83823529e-02 1.83823529e-02 1.83823529e-02 
1.96078431e-02 1.96078431e-02 1.96078431e-02 
2.08333333e-02 2.08333333e-02 2.08333333e-02 
2.20588235e-02 2.20588235e-02 2.20588235e-02 
2.32843137e-02 2.32843137e-02 2.32843137e-02 
2.45098039e-02 2.45098039e-02 2.45098039e-02 
2.57352941e-02 2.57352941e-02 2.57352941e-02 
2.69607843e-02 2.69607843e-02 2.69607843e-02 
2.81862745e-02 2.81862745e-02 2.81862745e-02 
2.94117647e-02 2.94117647e-02 2.94117647e-02 
3.06372549e-02 3.06372549e-02 3.06372549e-02 
3.18627451e-02 3.18627451e-02 3.18627451e-02 
3.30882353e-02 3.30882353e-02 3.30882353e-02 
3.43137255e-02 3.43137255e-02 3.43137255e-02 
3.55392157e-02 3.55392157e-02 3.55392157e-02 
3.67647059e-02 3.67647059e-02 3.67647059e-02 
3.79901961e-02 3.79901961e-02 3.79901961e-02 
3.92156863e-02 3.92156863e-02 3.92156863e-02 
4.04411765e-02 4.04411765e-02 4.04411765e-02 
4.16666667e-02 4.16666667e-02 4.16666667e-02 
4.28921569e-02 4.28921569e-02 4.28921569e-02 
4.41176471e-02 4.41176471e-02 4.41176471e-02 
4.53431373e-02 4.53431373e-02 4.53431373e-02 
4.65686275e-02 4.65686275e-02 4.65686275e-02 
4.77941176e-02 4.77941176e-02 4.77941176e-02 
4.90196078e-02 4.90196078e-02 4.90196078e-02 
5.02450980e-02 5.02450980e-02 5.02450980e-02 
5.14705882e-02 5.14705882e-02 5.14705882e-02 
5.26960784e-02 5.26960784e-02 5.26960784e-02 
5.39215686e-02 5.39215686e-02 5.39215686e-02 
5.51470588e-02 5.51470588e-02 5.51470588e-02 
5.63725490e-02 5.63725490e-02 5.63725490e-02 
5.75980392e-02 5.75980392e-02 5.75980392e-02 
5.88235294e-02 5.88235294e-02 5.88235294e-02 
6.00490196e-02 6.00490196e-02 6.00490196e-02 
6.12745098e-02 6.12745098e-02 6.12745098e-02 
6.25000000e-02 6.25000000e-02 6.25000000e-02 
6.37254902e-02 6.37254902e-02 6.37254902e-02 
6.49509804e-02 6.49509804e-02 6.49509804e-02 
6.61764706e-02 6.61764706e-02 6.61764706e-02 
6.74019608e-02 6.74019608e-02 6.74019608e-02 
6.86274510e-02 6.86274510e-02 6.86274510e-02 
6.98529412e-02 6.98529412e-02 6.98529412e-02 
7.10784314e-02 7.10784314e-02 7.10784314e-02 
7.23039216e-02 7.23039216e-02 7.23039216e-02 
7.35294118e-02 7.35294118e-02 7.35294118e-02 
7.47549020e-02 7.47549020e-02 7.47549020e-02 
7.59803922e-02 7.59803922e-02 7.59803922e-02 
7.72058824e-02 7.72058824e-02 7.72058824e-02 
7.84313725e-02 7.84313725e-02 7.84313725e-02 
7.96568627e-02 7.96568627e-02 7.96568627e-02 
8.08823529e-02 8.08823529e-02 8.08823529e-02 
8.21078431e-02 8.21078431e-02 8.21078431e-02 
8.33333333e-02 8.33333333e-02 8.33333333e-02 
8.45588235e-02 8.45588235e-02 8.45588235e-02 
8.57843137e-02 8.57843137e-02 8.57843137e-02 
8.70098039e-02 8.70098039e-02 8.70098039e-02 
8.82352941e-02 8.82352941e-02 8.82352941e-02 
8.94607843e-02 8.94607843e-02 8.94607843e-02 
9.06862745e-02 9.06862745e-02 9.06862745e-02 
9.19117647e-02 9.19117647e-02 9.19117647e-02 
9.31372549e-02 9.31372549e-02 9.31372549e-02 
9.43627451e-02 9.43627451e-02 9.43627451e-02 
9.55882353e-02 9.55882353e-02 9.55882353e-02 
9.68137255e-02 9.68137255e-02 9.68137255e-02 
9.80392157e-02 9.80392157e-02 9.80392157e-02 
9.92647059e-02 9.92647059e-02 9.92647059e-02 
1.00490196e-01 1.00490196e-01 1.00490196e-01 
1.01715686e-01 1.01715686e-01 1.01715686e-01 
1.02941176e-01 1.02941176e-01 1.02941176e-01 
1.04166667e-01 1.04166667e-01 1.04166667e-01 
1.05392157e-01 1.05392157e-01 1.05392157e-01 
1.06617647e-01 1.06617647e-01 1.06617647e-01 
1.07843137e-01 1.07843137e-01 1.07843137e-01 
1.09068627e-01 1.09068627e-01 1.09068627e-01 
1.10294118e-01 1.10294118e-01 1.10294118e-01 
1.11519608e-01 1.11519608e-01 1.11519608e-01 
1.12745098e-01 1.12745098e-01 1.12745098e-01 
1.13970588e-01 1.13970588e-01 1.13970588e-01 
1.15196078e-01 1.15196078e-01 1.15196078e-01 
1.16421569e-01 1.16421569e-01 1.16421569e-01 
1.17647059e-01 1.17647059e-01 1.17647059e-01 
1.18872549e-01 1.18872549e-01 1.18872549e-01 
1.20098039e-01 1.20098039e-01 1.20098039e-01 
1.21323529e-01 1.21323529e-01 1.21323529e-01 
1.22549020e-01 1.22549020e-01 1.22549020e-01 L
1.21936275e-01 1.23774510e-01 1.21936275e-01 
1.21323529e-01 1.25000000e-01 1.21323529e-01 
1.20710784e-01 1.26225490e-01 1.20710784e-01 
1.20098039e-01 1.27450980e-01 1.20098039e-01 
1.19485294e-01 1.28676471e-01 1.19485294e-01 
1.18872549e-01 1.29901961e-01 1.18872549e-01 
1.18259804e-01 1.31127451e-01 1.18259804e-01 
1.17647059e-01 1.32352941e-01 1.17647059e-01 
1.17034314e-01 1.33578431e-01 1.17034314e-01 
1.16421569e-01 1.34803922e-01 1.16421569e-01 
1.15808824e-01 1.36029412e-01 1.15808824e-01 
1.15196078e-01 1.37254902e-01 1.15196078e-01 
1.14583333e-01 1.38480392e-01 1.14583333e-01 
1.13970588e-01 1.39705882e-01 1.13970588e-01 
1.13357843e-01 1.40931373e-01 1.13357843e-01 
1.12745098e-01 1.42156863e-01 1.12745098e-01 
1.12132353e-01 1.43382353e-01 1.12132353e-01 
1.11519608e-01 1.44607843e-01 1.11519608e-01 
1.10906863e-01 1.45833333e-01 1.10906863e-01 
1.10294118e-01 1.47058824e-01 1.10294118e-01 
1.09681373e-01 1.48284314e-01 1.09681373e-01 
1.09068627e-01 1.49509804e-01 1.09068627e-01 
1.08455882e-01 1.50735294e-01 1.08455882e-01 
1.07843137e-01 1.51960784e-01 1.07843137e-01 
1.07230392e-01 1.53186275e-01 1.07230392e-01 
1.06617647e-01 1.54411765e-01 1.06617647e-01 
1.06004902e-01 1.55637255e-01 1.06004902e-01 
1.05392157e-01 1.56862745e-01 1.05392157e-01 
1.04779412e-01 1.58088235e-01 1.04779412e-01 
1.04166667e-01 1.59313725e-01 1.04166667e-01 
1.03553922e-01 1.60539216e-01 1.03553922e-01 
1.02941176e-01 1.61764706e-01 1.02941176e-01 
1.02328431e-01 1.62990196e-01 1.02328431e-01 
1.01715686e-01 1.64215686e-01 1.01715686e-01 
1.01102941e-01 1.65441176e-01 1.01102941e-01 
1.00490196e-01 1.66666667e-01 1.00490196e-01 
9.98774510e-02 1.67892157e-01 9.98774510e-02 
9.92647059e-02 1.69117647e-01 9.92647059e-02 
9.86519608e-02 1.70343137e-01 9.86519608e-02 
9.80392157e-02 1.71568627e-01 9.80392157e-02 
9.74264706e-02 1.72794118e-01 9.74264706e-02 
9.68137255e-02 1.74019608e-01 9.68137255e-02 
9.62009804e-02 1.75245098e-01 9.62009804e-02 
9.55882353e-02 1.76470588e-01 9.55882353e-02 
9.49754902e-02 1.77696078e-01 9.49754902e-02 
9.43627451e-02 1.78921569e-01 9.43627451e-02 
9.37500000e-02 1.80147059e-01 9.37500000e-02 
9.31372549e-02 1.81372549e-01 9.31372549e-02 
9.25245098e-02 1.82598039e-01 9.25245098e-02 
9.19117647e-02 1.83823529e-01 9.19117647e-02 
9.12990196e-02 1.85049020e-01 9.12990196e-02 
9.06862745e-02 1.86274510e-01 9.06862745e-02 
9.00735294e-02 1.87500000e-01 9.00735294e-02 
8.94607843e-02 1.88725490e-01 8.94607843e-02 
8.88480392e-02 1.89950980e-01 8.88480392e-02 
8.82352941e-02 1.91176471e-01 8.82352941e-02 
8.76225490e-02 1.92401961e-01 8.76225490e-02 
8.70098039e-02 1.93627451e-01 8.70098039e-02 
8.63970588e-02 1.94852941e-01 8.63970588e-02 
8.57843137e-02 1.96078431e-01 8.57843137e-02 
8.51715686e-02 1.97303922e-01 8.51715686e-02 
8.45588235e-02 1.98529412e-01 8.45588235e-02 
8.39460784e-02 1.99754902e-01 8.39460784e-02 
8.33333333e-02 2.00980392e-01 8.33333333e-02 
8.27205882e-02 2.02205882e-01 8.27205882e-02 
8.21078431e-02 2.03431373e-01 8.21078431e-02 
8.14950980e-02 2.04656863e-01 8.14950980e-02 
8.08823529e-02 2.05882353e-01 8.08823529e-02 
8.02696078e-02 2.07107843e-01 8.02696078e-02 
7.96568627e-02 2.08333333e-01 7.96568627e-02 
7.90441176e-02 2.09558824e-01 7.90441176e-02 
7.84313725e-02 2.10784314e-01 7.84313725e-02 
7.78186275e-02 2.12009804e-01 7.78186275e-02 
7.72058824e-02 2.13235294e-01 7.72058824e-02 
7.65931373e-02 2.14460784e-01 7.65931373e-02 
7.59803922e-02 2.15686275e-01 7.59803922e-02 
7.53676471e-02 2.16911765e-01 7.53676471e-02 
7.47549020e-02 2.18137255e-01 7.47549020e-02 
7.41421569e-02 2.19362745e-01 7.41421569e-02 
7.35294118e-02 2.20588235e-01 7.35294118e-02 
7.29166667e-02 2.21813725e-01 7.29166667e-02 
7.23039216e-02 2.23039216e-01 7.23039216e-02 
7.16911765e-02 2.24264706e-01 7.16911765e-02 
7.10784314e-02 2.25490196e-01 7.10784314e-02 
7.04656863e-02 2.26715686e-01 7.04656863e-02 
6.98529412e-02 2.27941176e-01 6.98529412e-02 
6.92401961e-02 2.29166667e-01 6.92401961e-02 
6.86274510e-02 2.30392157e-01 6.86274510e-02 
6.80147059e-02 2.31617647e-01 6.80147059e-02 
6.74019608e-02 2.32843137e-01 6.74019608e-02 
6.67892157e-02 2.34068627e-01 6.67892157e-02 
6.61764706e-02 2.35294118e-01 6.61764706e-02 
6.55637255e-02 2.36519608e-01 6.55637255e-02 
6.49509804e-02 2.37745098e-01 6.49509804e-02 
6.43382353e-02 2.38970588e-01 6.43382353e-02 
6.37254902e-02 2.40196078e-01 6.37254902e-02 
6.31127451e-02 2.41421569e-01 6.31127451e-02 
6.25000000e-02 2.42647059e-01 6.25000000e-02 
6.18872549e-02 2.43872549e-01 6.18872549e-02 
6.12745098e-02 2.45098039e-01 6.12745098e-02 U
