0.00000000e+00 0.00000000e+00 0.00000000e+00 000-100
1.75549470e-03 0.00000000e+00 0.00000000e+00 
3.51098940e-03 0.00000000e+00 0.00000000e+00 
5.26648410e-03 0.00000000e+00 0.00000000e+00 
7.02197879e-03 0.00000000e+00 0.00000000e+00 
8.77747349e-03 0.00000000e+00 0.00000000e+00 
1.05329682e-02 0.00000000e+00 0.00000000e+00 
1.22884629e-02 0.00000000e+00 0.00000000e+00 
1.40439576e-02 0.00000000e+00 0.00000000e+00 
1.57994523e-02 0.00000000e+00 0.00000000e+00 
1.75549470e-02 0.00000000e+00 0.00000000e+00 
1.93104417e-02 0.00000000e+00 0.00000000e+00 
2.10659364e-02 0.00000000e+00 0.00000000e+00 
2.28214311e-02 0.00000000e+00 0.00000000e+00 
2.45769258e-02 0.00000000e+00 0.00000000e+00 
2.63324205e-02 0.00000000e+00 0.00000000e+00 
2.80879152e-02 0.00000000e+00 0.00000000e+00 
2.98434099e-02 0.00000000e+00 0.00000000e+00 
3.15989046e-02 0.00000000e+00 0.00000000e+00 
3.33543993e-02 0.00000000e+00 0.00000000e+00 
3.51098940e-02 0.00000000e+00 0.00000000e+00 
3.68653887e-02 0.00000000e+00 0.00000000e+00 
3.86208834e-02 0.00000000e+00 0.00000000e+00 
4.03763781e-02 0.00000000e+00 0.00000000e+00 
4.21318728e-02 0.00000000e+00 0.00000000e+00 
4.38873675e-02 0.00000000e+00 0.00000000e+00 
4.56428622e-02 0.00000000e+00 0.00000000e+00 
4.73983569e-02 0.00000000e+00 0.00000000e+00 
4.91538516e-02 0.00000000e+00 0.00000000e+00 
5.09093463e-02 0.00000000e+00 0.00000000e+00 
5.26648410e-02 0.00000000e+00 0.00000000e+00 
5.44203357e-02 0.00000000e+00 0.00000000e+00 
5.61758303e-02 0.00000000e+00 0.00000000e+00 
5.79313250e-02 0.00000000e+00 0.00000000e+00 
5.96868197e-02 0.00000000e+00 0.00000000e+00 
6.14423144e-02 0.00000000e+00 0.00000000e+00 
6.31978091e-02 0.00000000e+00 0.00000000e+00 
6.49533038e-02 0.00000000e+00 0.00000000e+00 
6.67087985e-02 0.00000000e+00 0.00000000e+00 
6.84642932e-02 0.00000000e+00 0.00000000e+00 
7.02197879e-02 0.00000000e+00 0.00000000e+00 
7.19752826e-02 0.00000000e+00 0.00000000e+00 
7.37307773e-02 0.00000000e+00 0.00000000e+00 
7.54862720e-02 0.00000000e+00 0.00000000e+00 
7.72417667e-02 0.00000000e+00 0.00000000e+00 
7.89972614e-02 0.00000000e+00 0.00000000e+00 
8.07527561e-02 0.00000000e+00 0.00000000e+00 
8.25082508e-02 0.00000000e+00 0.00000000e+00 
8.42637455e-02 0.00000000e+00 0.00000000e+00 
8.60192402e-02 0.00000000e+00 0.00000000e+00 
8.77747349e-02 0.00000000e+00 0.00000000e+00 
8.95302296e-02 0.00000000e+00 0.00000000e+00 
9.12857243e-02 0.00000000e+00 0.00000000e+00 
9.30412190e-02 0.00000000e+00 0.00000000e+00 
9.47967137e-02 0.00000000e+00 0.00000000e+00 
9.65522084e-02 0.00000000e+00 0.00000000e+00 
9.83077031e-02 0.00000000e+00 0.00000000e+00 
1.00063198e-01 0.00000000e+00 0.00000000e+00 
1.01818693e-01 0.00000000e+00 0.00000000e+00 
1.03574187e-01 0.00000000e+00 0.00000000e+00 
1.05329682e-01 0.00000000e+00 0.00000000e+00 
1.07085177e-01 0.00000000e+00 0.00000000e+00 
1.08840671e-01 0.00000000e+00 0.00000000e+00 
1.10596166e-01 0.00000000e+00 0.00000000e+00 
1.12351661e-01 0.00000000e+00 0.00000000e+00 
1.14107155e-01 0.00000000e+00 0.00000000e+00 
1.15862650e-01 0.00000000e+00 0.00000000e+00 
1.17618145e-01 0.00000000e+00 0.00000000e+00 
1.19373639e-01 0.00000000e+00 0.00000000e+00 
1.21129134e-01 0.00000000e+00 0.00000000e+00 
1.22884629e-01 0.00000000e+00 0.00000000e+00 
1.24640124e-01 0.00000000e+00 0.00000000e+00 
1.26395618e-01 0.00000000e+00 0.00000000e+00 
1.28151113e-01 0.00000000e+00 0.00000000e+00 
1.29906608e-01 0.00000000e+00 0.00000000e+00 
1.31662102e-01 0.00000000e+00 0.00000000e+00 
1.33417597e-01 0.00000000e+00 0.00000000e+00 
1.35173092e-01 0.00000000e+00 0.00000000e+00 
1.36928586e-01 0.00000000e+00 0.00000000e+00 
1.38684081e-01 0.00000000e+00 0.00000000e+00 
1.40439576e-01 0.00000000e+00 0.00000000e+00 
1.42195071e-01 0.00000000e+00 0.00000000e+00 
1.43950565e-01 0.00000000e+00 0.00000000e+00 
1.45706060e-01 0.00000000e+00 0.00000000e+00 
1.47461555e-01 0.00000000e+00 0.00000000e+00 
1.49217049e-01 0.00000000e+00 0.00000000e+00 
1.50972544e-01 0.00000000e+00 0.00000000e+00 
1.52728039e-01 0.00000000e+00 0.00000000e+00 
1.54483533e-01 0.00000000e+00 0.00000000e+00 
1.56239028e-01 0.00000000e+00 0.00000000e+00 
1.57994523e-01 0.00000000e+00 0.00000000e+00 
1.59750018e-01 0.00000000e+00 0.00000000e+00 
1.61505512e-01 0.00000000e+00 0.00000000e+00 
1.63261007e-01 0.00000000e+00 0.00000000e+00 
1.65016502e-01 0.00000000e+00 0.00000000e+00 
1.66771996e-01 0.00000000e+00 0.00000000e+00 
1.68527491e-01 0.00000000e+00 0.00000000e+00 
1.70282986e-01 0.00000000e+00 0.00000000e+00 
1.72038480e-01 0.00000000e+00 0.00000000e+00 
1.73793975e-01 0.00000000e+00 0.00000000e+00 
1.75549470e-01 0.00000000e+00 0.00000000e+00 
1.77304965e-01 0.00000000e+00 0.00000000e+00 100-110
1.77304965e-01 1.75549470e-03 0.00000000e+00 
1.77304965e-01 3.51098940e-03 0.00000000e+00 
1.77304965e-01 5.26648410e-03 0.00000000e+00 
1.77304965e-01 7.02197879e-03 0.00000000e+00 
1.77304965e-01 8.77747349e-03 0.00000000e+00 
1.77304965e-01 1.05329682e-02 0.00000000e+00 
1.77304965e-01 1.22884629e-02 0.00000000e+00 
1.77304965e-01 1.40439576e-02 0.00000000e+00 
1.77304965e-01 1.57994523e-02 0.00000000e+00 
1.77304965e-01 1.75549470e-02 0.00000000e+00 
1.77304965e-01 1.93104417e-02 0.00000000e+00 
1.77304965e-01 2.10659364e-02 0.00000000e+00 
1.77304965e-01 2.28214311e-02 0.00000000e+00 
1.77304965e-01 2.45769258e-02 0.00000000e+00 
1.77304965e-01 2.63324205e-02 0.00000000e+00 
1.77304965e-01 2.80879152e-02 0.00000000e+00 
1.77304965e-01 2.98434099e-02 0.00000000e+00 
1.77304965e-01 3.15989046e-02 0.00000000e+00 
1.77304965e-01 3.33543993e-02 0.00000000e+00 
1.77304965e-01 3.51098940e-02 0.00000000e+00 
1.77304965e-01 3.68653887e-02 0.00000000e+00 
1.77304965e-01 3.86208834e-02 0.00000000e+00 
1.77304965e-01 4.03763781e-02 0.00000000e+00 
1.77304965e-01 4.21318728e-02 0.00000000e+00 
1.77304965e-01 4.38873675e-02 0.00000000e+00 
1.77304965e-01 4.56428622e-02 0.00000000e+00 
1.77304965e-01 4.73983569e-02 0.00000000e+00 
1.77304965e-01 4.91538516e-02 0.00000000e+00 
1.77304965e-01 5.09093463e-02 0.00000000e+00 
1.77304965e-01 5.26648410e-02 0.00000000e+00 
1.77304965e-01 5.44203357e-02 0.00000000e+00 
1.77304965e-01 5.61758303e-02 0.00000000e+00 
1.77304965e-01 5.79313250e-02 0.00000000e+00 
1.77304965e-01 5.96868197e-02 0.00000000e+00 
1.77304965e-01 6.14423144e-02 0.00000000e+00 
1.77304965e-01 6.31978091e-02 0.00000000e+00 
1.77304965e-01 6.49533038e-02 0.00000000e+00 
1.77304965e-01 6.67087985e-02 0.00000000e+00 
1.77304965e-01 6.84642932e-02 0.00000000e+00 
1.77304965e-01 7.02197879e-02 0.00000000e+00 
1.77304965e-01 7.19752826e-02 0.00000000e+00 
1.77304965e-01 7.37307773e-02 0.00000000e+00 
1.77304965e-01 7.54862720e-02 0.00000000e+00 
1.77304965e-01 7.72417667e-02 0.00000000e+00 
1.77304965e-01 7.89972614e-02 0.00000000e+00 
1.77304965e-01 8.07527561e-02 0.00000000e+00 
1.77304965e-01 8.25082508e-02 0.00000000e+00 
1.77304965e-01 8.42637455e-02 0.00000000e+00 
1.77304965e-01 8.60192402e-02 0.00000000e+00 
1.77304965e-01 8.77747349e-02 0.00000000e+00 
1.77304965e-01 8.95302296e-02 0.00000000e+00 
1.77304965e-01 9.12857243e-02 0.00000000e+00 
1.77304965e-01 9.30412190e-02 0.00000000e+00 
1.77304965e-01 9.47967137e-02 0.00000000e+00 
1.77304965e-01 9.65522084e-02 0.00000000e+00 
1.77304965e-01 9.83077031e-02 0.00000000e+00 
1.77304965e-01 1.00063198e-01 0.00000000e+00 
1.77304965e-01 1.01818693e-01 0.00000000e+00 
1.77304965e-01 1.03574187e-01 0.00000000e+00 
1.77304965e-01 1.05329682e-01 0.00000000e+00 
1.77304965e-01 1.07085177e-01 0.00000000e+00 
1.77304965e-01 1.08840671e-01 0.00000000e+00 
1.77304965e-01 1.10596166e-01 0.00000000e+00 
1.77304965e-01 1.12351661e-01 0.00000000e+00 
1.77304965e-01 1.14107155e-01 0.00000000e+00 
1.77304965e-01 1.15862650e-01 0.00000000e+00 
1.77304965e-01 1.17618145e-01 0.00000000e+00 
1.77304965e-01 1.19373639e-01 0.00000000e+00 
1.77304965e-01 1.21129134e-01 0.00000000e+00 
1.77304965e-01 1.22884629e-01 0.00000000e+00 
1.77304965e-01 1.24640124e-01 0.00000000e+00 
1.77304965e-01 1.26395618e-01 0.00000000e+00 
1.77304965e-01 1.28151113e-01 0.00000000e+00 
1.77304965e-01 1.29906608e-01 0.00000000e+00 
1.77304965e-01 1.31662102e-01 0.00000000e+00 
1.77304965e-01 1.33417597e-01 0.00000000e+00 
1.77304965e-01 1.35173092e-01 0.00000000e+00 
1.77304965e-01 1.36928586e-01 0.00000000e+00 
1.77304965e-01 1.38684081e-01 0.00000000e+00 
1.77304965e-01 1.40439576e-01 0.00000000e+00 
1.77304965e-01 1.42195071e-01 0.00000000e+00 
1.77304965e-01 1.43950565e-01 0.00000000e+00 
1.77304965e-01 1.45706060e-01 0.00000000e+00 
1.77304965e-01 1.47461555e-01 0.00000000e+00 
1.77304965e-01 1.49217049e-01 0.00000000e+00 
1.77304965e-01 1.50972544e-01 0.00000000e+00 
1.77304965e-01 1.52728039e-01 0.00000000e+00 
1.77304965e-01 1.54483533e-01 0.00000000e+00 
1.77304965e-01 1.56239028e-01 0.00000000e+00 
1.77304965e-01 1.57994523e-01 0.00000000e+00 
1.77304965e-01 1.59750018e-01 0.00000000e+00 
1.77304965e-01 1.61505512e-01 0.00000000e+00 
1.77304965e-01 1.63261007e-01 0.00000000e+00 
1.77304965e-01 1.65016502e-01 0.00000000e+00 
1.77304965e-01 1.66771996e-01 0.00000000e+00 
1.77304965e-01 1.68527491e-01 0.00000000e+00 
1.77304965e-01 1.70282986e-01 0.00000000e+00 
1.77304965e-01 1.72038480e-01 0.00000000e+00 
1.77304965e-01 1.73793975e-01 0.00000000e+00 
1.77304965e-01 1.75549470e-01 0.00000000e+00 
1.77304965e-01 1.77304965e-01 0.00000000e+00 110-000
1.75549470e-01 1.75549470e-01 0.00000000e+00 
1.73793975e-01 1.73793975e-01 0.00000000e+00 
1.72038480e-01 1.72038480e-01 0.00000000e+00 
1.70282986e-01 1.70282986e-01 0.00000000e+00 
1.68527491e-01 1.68527491e-01 0.00000000e+00 
1.66771996e-01 1.66771996e-01 0.00000000e+00 
1.65016502e-01 1.65016502e-01 0.00000000e+00 
1.63261007e-01 1.63261007e-01 0.00000000e+00 
1.61505512e-01 1.61505512e-01 0.00000000e+00 
1.59750018e-01 1.59750018e-01 0.00000000e+00 
1.57994523e-01 1.57994523e-01 0.00000000e+00 
1.56239028e-01 1.56239028e-01 0.00000000e+00 
1.54483533e-01 1.54483533e-01 0.00000000e+00 
1.52728039e-01 1.52728039e-01 0.00000000e+00 
1.50972544e-01 1.50972544e-01 0.00000000e+00 
1.49217049e-01 1.49217049e-01 0.00000000e+00 
1.47461555e-01 1.47461555e-01 0.00000000e+00 
1.45706060e-01 1.45706060e-01 0.00000000e+00 
1.43950565e-01 1.43950565e-01 0.00000000e+00 
1.42195071e-01 1.42195071e-01 0.00000000e+00 
1.40439576e-01 1.40439576e-01 0.00000000e+00 
1.38684081e-01 1.38684081e-01 0.00000000e+00 
1.36928586e-01 1.36928586e-01 0.00000000e+00 
1.35173092e-01 1.35173092e-01 0.00000000e+00 
1.33417597e-01 1.33417597e-01 0.00000000e+00 
1.31662102e-01 1.31662102e-01 0.00000000e+00 
1.29906608e-01 1.29906608e-01 0.00000000e+00 
1.28151113e-01 1.28151113e-01 0.00000000e+00 
1.26395618e-01 1.26395618e-01 0.00000000e+00 
1.24640124e-01 1.24640124e-01 0.00000000e+00 
1.22884629e-01 1.22884629e-01 0.00000000e+00 
1.21129134e-01 1.21129134e-01 0.00000000e+00 
1.19373639e-01 1.19373639e-01 0.00000000e+00 
1.17618145e-01 1.17618145e-01 0.00000000e+00 
1.15862650e-01 1.15862650e-01 0.00000000e+00 
1.14107155e-01 1.14107155e-01 0.00000000e+00 
1.12351661e-01 1.12351661e-01 0.00000000e+00 
1.10596166e-01 1.10596166e-01 0.00000000e+00 
1.08840671e-01 1.08840671e-01 0.00000000e+00 
1.07085177e-01 1.07085177e-01 0.00000000e+00 
1.05329682e-01 1.05329682e-01 0.00000000e+00 
1.03574187e-01 1.03574187e-01 0.00000000e+00 
1.01818693e-01 1.01818693e-01 0.00000000e+00 
1.00063198e-01 1.00063198e-01 0.00000000e+00 
9.83077031e-02 9.83077031e-02 0.00000000e+00 
9.65522084e-02 9.65522084e-02 0.00000000e+00 
9.47967137e-02 9.47967137e-02 0.00000000e+00 
9.30412190e-02 9.30412190e-02 0.00000000e+00 
9.12857243e-02 9.12857243e-02 0.00000000e+00 
8.95302296e-02 8.95302296e-02 0.00000000e+00 
8.77747349e-02 8.77747349e-02 0.00000000e+00 
8.60192402e-02 8.60192402e-02 0.00000000e+00 
8.42637455e-02 8.42637455e-02 0.00000000e+00 
8.25082508e-02 8.25082508e-02 0.00000000e+00 
8.07527561e-02 8.07527561e-02 0.00000000e+00 
7.89972614e-02 7.89972614e-02 0.00000000e+00 
7.72417667e-02 7.72417667e-02 0.00000000e+00 
7.54862720e-02 7.54862720e-02 0.00000000e+00 
7.37307773e-02 7.37307773e-02 0.00000000e+00 
7.19752826e-02 7.19752826e-02 0.00000000e+00 
7.02197879e-02 7.02197879e-02 0.00000000e+00 
6.84642932e-02 6.84642932e-02 0.00000000e+00 
6.67087985e-02 6.67087985e-02 0.00000000e+00 
6.49533038e-02 6.49533038e-02 0.00000000e+00 
6.31978091e-02 6.31978091e-02 0.00000000e+00 
6.14423144e-02 6.14423144e-02 0.00000000e+00 
5.96868197e-02 5.96868197e-02 0.00000000e+00 
5.79313250e-02 5.79313250e-02 0.00000000e+00 
5.61758303e-02 5.61758303e-02 0.00000000e+00 
5.44203357e-02 5.44203357e-02 0.00000000e+00 
5.26648410e-02 5.26648410e-02 0.00000000e+00 
5.09093463e-02 5.09093463e-02 0.00000000e+00 
4.91538516e-02 4.91538516e-02 0.00000000e+00 
4.73983569e-02 4.73983569e-02 0.00000000e+00 
4.56428622e-02 4.56428622e-02 0.00000000e+00 
4.38873675e-02 4.38873675e-02 0.00000000e+00 
4.21318728e-02 4.21318728e-02 0.00000000e+00 
4.03763781e-02 4.03763781e-02 0.00000000e+00 
3.86208834e-02 3.86208834e-02 0.00000000e+00 
3.68653887e-02 3.68653887e-02 0.00000000e+00 
3.51098940e-02 3.51098940e-02 0.00000000e+00 
3.33543993e-02 3.33543993e-02 0.00000000e+00 
3.15989046e-02 3.15989046e-02 0.00000000e+00 
2.98434099e-02 2.98434099e-02 0.00000000e+00 
2.80879152e-02 2.80879152e-02 0.00000000e+00 
2.63324205e-02 2.63324205e-02 0.00000000e+00 
2.45769258e-02 2.45769258e-02 0.00000000e+00 
2.28214311e-02 2.28214311e-02 0.00000000e+00 
2.10659364e-02 2.10659364e-02 0.00000000e+00 
1.93104417e-02 1.93104417e-02 0.00000000e+00 
1.75549470e-02 1.75549470e-02 0.00000000e+00 
1.57994523e-02 1.57994523e-02 0.00000000e+00 
1.40439576e-02 1.40439576e-02 0.00000000e+00 
1.22884629e-02 1.22884629e-02 0.00000000e+00 
1.05329682e-02 1.05329682e-02 0.00000000e+00 
8.77747349e-03 8.77747349e-03 0.00000000e+00 
7.02197879e-03 7.02197879e-03 0.00000000e+00 
5.26648410e-03 5.26648410e-03 0.00000000e+00 
3.51098940e-03 3.51098940e-03 0.00000000e+00 
1.75549470e-03 1.75549470e-03 0.00000000e+00 
0.00000000e+00 0.00000000e+00 -0.00000000e+00 000-111
1.73828397e-03 1.73828397e-03 -1.73828397e-03 
3.47656793e-03 3.47656793e-03 -3.47656793e-03 
5.21485190e-03 5.21485190e-03 -5.21485190e-03 
6.95313586e-03 6.95313586e-03 -6.95313586e-03 
8.69141983e-03 8.69141983e-03 -8.69141983e-03 
1.04297038e-02 1.04297038e-02 -1.04297038e-02 
1.21679878e-02 1.21679878e-02 -1.21679878e-02 
1.39062717e-02 1.39062717e-02 -1.39062717e-02 
1.56445557e-02 1.56445557e-02 -1.56445557e-02 
1.73828397e-02 1.73828397e-02 -1.73828397e-02 
1.91211236e-02 1.91211236e-02 -1.91211236e-02 
2.08594076e-02 2.08594076e-02 -2.08594076e-02 
2.25976916e-02 2.25976916e-02 -2.25976916e-02 
2.43359755e-02 2.43359755e-02 -2.43359755e-02 
2.60742595e-02 2.60742595e-02 -2.60742595e-02 
2.78125435e-02 2.78125435e-02 -2.78125435e-02 
2.95508274e-02 2.95508274e-02 -2.95508274e-02 
3.12891114e-02 3.12891114e-02 -3.12891114e-02 
3.30273954e-02 3.30273954e-02 -3.30273954e-02 
3.47656793e-02 3.47656793e-02 -3.47656793e-02 
3.65039633e-02 3.65039633e-02 -3.65039633e-02 
3.82422473e-02 3.82422473e-02 -3.82422473e-02 
3.99805312e-02 3.99805312e-02 -3.99805312e-02 
4.17188152e-02 4.17188152e-02 -4.17188152e-02 
4.34570992e-02 4.34570992e-02 -4.34570992e-02 
4.51953831e-02 4.51953831e-02 -4.51953831e-02 
4.69336671e-02 4.69336671e-02 -4.69336671e-02 
4.86719510e-02 4.86719510e-02 -4.86719510e-02 
5.04102350e-02 5.04102350e-02 -5.04102350e-02 
5.21485190e-02 5.21485190e-02 -5.21485190e-02 
5.38868029e-02 5.38868029e-02 -5.38868029e-02 
5.56250869e-02 5.56250869e-02 -5.56250869e-02 
5.73633709e-02 5.73633709e-02 -5.73633709e-02 
5.91016548e-02 5.91016548e-02 -5.91016548e-02 
6.08399388e-02 6.08399388e-02 -6.08399388e-02 
6.25782228e-02 6.25782228e-02 -6.25782228e-02 
6.43165067e-02 6.43165067e-02 -6.43165067e-02 
6.60547907e-02 6.60547907e-02 -6.60547907e-02 
6.77930747e-02 6.77930747e-02 -6.77930747e-02 
6.95313586e-02 6.95313586e-02 -6.95313586e-02 
7.12696426e-02 7.12696426e-02 -7.12696426e-02 
7.30079266e-02 7.30079266e-02 -7.30079266e-02 
7.47462105e-02 7.47462105e-02 -7.47462105e-02 
7.64844945e-02 7.64844945e-02 -7.64844945e-02 
7.82227785e-02 7.82227785e-02 -7.82227785e-02 
7.99610624e-02 7.99610624e-02 -7.99610624e-02 
8.16993464e-02 8.16993464e-02 -8.16993464e-02 
8.34376304e-02 8.34376304e-02 -8.34376304e-02 
8.51759143e-02 8.51759143e-02 -8.51759143e-02 
8.69141983e-02 8.69141983e-02 -8.69141983e-02 
