0.00000000e+00 0.00000000e+00 0.00000000e+00 000-100
2.42671326e-03 0.00000000e+00 0.00000000e+00 
4.85342652e-03 0.00000000e+00 0.00000000e+00 
7.28013978e-03 0.00000000e+00 0.00000000e+00 
9.70685304e-03 0.00000000e+00 0.00000000e+00 
1.21335663e-02 0.00000000e+00 0.00000000e+00 
1.45602796e-02 0.00000000e+00 0.00000000e+00 
1.69869928e-02 0.00000000e+00 0.00000000e+00 
1.94137061e-02 0.00000000e+00 0.00000000e+00 
2.18404193e-02 0.00000000e+00 0.00000000e+00 
2.42671326e-02 0.00000000e+00 0.00000000e+00 
2.66938459e-02 0.00000000e+00 0.00000000e+00 
2.91205591e-02 0.00000000e+00 0.00000000e+00 
3.15472724e-02 0.00000000e+00 0.00000000e+00 
3.39739856e-02 0.00000000e+00 0.00000000e+00 
3.64006989e-02 0.00000000e+00 0.00000000e+00 
3.88274122e-02 0.00000000e+00 0.00000000e+00 
4.12541254e-02 0.00000000e+00 0.00000000e+00 
4.36808387e-02 0.00000000e+00 0.00000000e+00 
4.61075519e-02 0.00000000e+00 0.00000000e+00 
4.85342652e-02 0.00000000e+00 0.00000000e+00 
5.09609785e-02 0.00000000e+00 0.00000000e+00 
5.33876917e-02 0.00000000e+00 0.00000000e+00 
5.58144050e-02 0.00000000e+00 0.00000000e+00 
5.82411182e-02 0.00000000e+00 0.00000000e+00 
6.06678315e-02 0.00000000e+00 0.00000000e+00 
6.30945447e-02 0.00000000e+00 0.00000000e+00 
6.55212580e-02 0.00000000e+00 0.00000000e+00 
6.79479713e-02 0.00000000e+00 0.00000000e+00 
7.03746845e-02 0.00000000e+00 0.00000000e+00 
7.28013978e-02 0.00000000e+00 0.00000000e+00 
7.52281110e-02 0.00000000e+00 0.00000000e+00 
7.76548243e-02 0.00000000e+00 0.00000000e+00 
8.00815376e-02 0.00000000e+00 0.00000000e+00 
8.25082508e-02 0.00000000e+00 0.00000000e+00 
8.49349641e-02 0.00000000e+00 0.00000000e+00 
8.73616773e-02 0.00000000e+00 0.00000000e+00 
8.97883906e-02 0.00000000e+00 0.00000000e+00 
9.22151039e-02 0.00000000e+00 0.00000000e+00 
9.46418171e-02 0.00000000e+00 0.00000000e+00 
9.70685304e-02 0.00000000e+00 0.00000000e+00 
9.94952436e-02 0.00000000e+00 0.00000000e+00 
1.01921957e-01 0.00000000e+00 0.00000000e+00 
1.04348670e-01 0.00000000e+00 0.00000000e+00 
1.06775383e-01 0.00000000e+00 0.00000000e+00 
1.09202097e-01 0.00000000e+00 0.00000000e+00 
1.11628810e-01 0.00000000e+00 0.00000000e+00 
1.14055523e-01 0.00000000e+00 0.00000000e+00 
1.16482236e-01 0.00000000e+00 0.00000000e+00 
1.18908950e-01 0.00000000e+00 0.00000000e+00 
1.21335663e-01 0.00000000e+00 0.00000000e+00 
1.23762376e-01 0.00000000e+00 0.00000000e+00 
1.26189089e-01 0.00000000e+00 0.00000000e+00 
1.28615803e-01 0.00000000e+00 0.00000000e+00 
1.31042516e-01 0.00000000e+00 0.00000000e+00 
1.33469229e-01 0.00000000e+00 0.00000000e+00 
1.35895943e-01 0.00000000e+00 0.00000000e+00 
1.38322656e-01 0.00000000e+00 0.00000000e+00 
1.40749369e-01 0.00000000e+00 0.00000000e+00 
1.43176082e-01 0.00000000e+00 0.00000000e+00 
1.45602796e-01 0.00000000e+00 0.00000000e+00 
1.48029509e-01 0.00000000e+00 0.00000000e+00 
1.50456222e-01 0.00000000e+00 0.00000000e+00 
1.52882935e-01 0.00000000e+00 0.00000000e+00 
1.55309649e-01 0.00000000e+00 0.00000000e+00 
1.57736362e-01 0.00000000e+00 0.00000000e+00 
1.60163075e-01 0.00000000e+00 0.00000000e+00 
1.62589788e-01 0.00000000e+00 0.00000000e+00 
1.65016502e-01 0.00000000e+00 0.00000000e+00 
1.67443215e-01 0.00000000e+00 0.00000000e+00 
1.69869928e-01 0.00000000e+00 0.00000000e+00 
1.72296641e-01 0.00000000e+00 0.00000000e+00 
1.74723355e-01 0.00000000e+00 0.00000000e+00 
1.77150068e-01 0.00000000e+00 0.00000000e+00 
1.79576781e-01 0.00000000e+00 0.00000000e+00 
1.82003494e-01 0.00000000e+00 0.00000000e+00 
1.84430208e-01 0.00000000e+00 0.00000000e+00 
1.86856921e-01 0.00000000e+00 0.00000000e+00 
1.89283634e-01 0.00000000e+00 0.00000000e+00 
1.91710348e-01 0.00000000e+00 0.00000000e+00 
1.94137061e-01 0.00000000e+00 0.00000000e+00 
1.96563774e-01 0.00000000e+00 0.00000000e+00 
1.98990487e-01 0.00000000e+00 0.00000000e+00 
2.01417201e-01 0.00000000e+00 0.00000000e+00 
2.03843914e-01 0.00000000e+00 0.00000000e+00 
2.06270627e-01 0.00000000e+00 0.00000000e+00 
2.08697340e-01 0.00000000e+00 0.00000000e+00 
2.11124054e-01 0.00000000e+00 0.00000000e+00 
2.13550767e-01 0.00000000e+00 0.00000000e+00 
2.15977480e-01 0.00000000e+00 0.00000000e+00 
2.18404193e-01 0.00000000e+00 0.00000000e+00 
2.20830907e-01 0.00000000e+00 0.00000000e+00 
2.23257620e-01 0.00000000e+00 0.00000000e+00 
2.25684333e-01 0.00000000e+00 0.00000000e+00 
2.28111046e-01 0.00000000e+00 0.00000000e+00 
2.30537760e-01 0.00000000e+00 0.00000000e+00 
2.32964473e-01 0.00000000e+00 0.00000000e+00 
2.35391186e-01 0.00000000e+00 0.00000000e+00 
2.37817899e-01 0.00000000e+00 0.00000000e+00 
2.40244613e-01 0.00000000e+00 0.00000000e+00 
2.42671326e-01 0.00000000e+00 0.00000000e+00 
2.45098039e-01 0.00000000e+00 0.00000000e+00 100-110
2.45098039e-01 2.42671326e-03 0.00000000e+00 
2.45098039e-01 4.85342652e-03 0.00000000e+00 
2.45098039e-01 7.28013978e-03 0.00000000e+00 
2.45098039e-01 9.70685304e-03 0.00000000e+00 
2.45098039e-01 1.21335663e-02 0.00000000e+00 
2.45098039e-01 1.45602796e-02 0.00000000e+00 
2.45098039e-01 1.69869928e-02 0.00000000e+00 
2.45098039e-01 1.94137061e-02 0.00000000e+00 
2.45098039e-01 2.18404193e-02 0.00000000e+00 
2.45098039e-01 2.42671326e-02 0.00000000e+00 
2.45098039e-01 2.66938459e-02 0.00000000e+00 
2.45098039e-01 2.91205591e-02 0.00000000e+00 
2.45098039e-01 3.15472724e-02 0.00000000e+00 
2.45098039e-01 3.39739856e-02 0.00000000e+00 
2.45098039e-01 3.64006989e-02 0.00000000e+00 
2.45098039e-01 3.88274122e-02 0.00000000e+00 
2.45098039e-01 4.12541254e-02 0.00000000e+00 
2.45098039e-01 4.36808387e-02 0.00000000e+00 
2.45098039e-01 4.61075519e-02 0.00000000e+00 
2.45098039e-01 4.85342652e-02 0.00000000e+00 
2.45098039e-01 5.09609785e-02 0.00000000e+00 
2.45098039e-01 5.33876917e-02 0.00000000e+00 
2.45098039e-01 5.58144050e-02 0.00000000e+00 
2.45098039e-01 5.82411182e-02 0.00000000e+00 
2.45098039e-01 6.06678315e-02 0.00000000e+00 
2.45098039e-01 6.30945447e-02 0.00000000e+00 
2.45098039e-01 6.55212580e-02 0.00000000e+00 
2.45098039e-01 6.79479713e-02 0.00000000e+00 
2.45098039e-01 7.03746845e-02 0.00000000e+00 
2.45098039e-01 7.28013978e-02 0.00000000e+00 
2.45098039e-01 7.52281110e-02 0.00000000e+00 
2.45098039e-01 7.76548243e-02 0.00000000e+00 
2.45098039e-01 8.00815376e-02 0.00000000e+00 
2.45098039e-01 8.25082508e-02 0.00000000e+00 
2.45098039e-01 8.49349641e-02 0.00000000e+00 
2.45098039e-01 8.73616773e-02 0.00000000e+00 
2.45098039e-01 8.97883906e-02 0.00000000e+00 
2.45098039e-01 9.22151039e-02 0.00000000e+00 
2.45098039e-01 9.46418171e-02 0.00000000e+00 
2.45098039e-01 9.70685304e-02 0.00000000e+00 
2.45098039e-01 9.94952436e-02 0.00000000e+00 
2.45098039e-01 1.01921957e-01 0.00000000e+00 
2.45098039e-01 1.04348670e-01 0.00000000e+00 
2.45098039e-01 1.06775383e-01 0.00000000e+00 
2.45098039e-01 1.09202097e-01 0.00000000e+00 
2.45098039e-01 1.11628810e-01 0.00000000e+00 
2.45098039e-01 1.14055523e-01 0.00000000e+00 
2.45098039e-01 1.16482236e-01 0.00000000e+00 
2.45098039e-01 1.18908950e-01 0.00000000e+00 
2.45098039e-01 1.21335663e-01 0.00000000e+00 
2.45098039e-01 1.23762376e-01 0.00000000e+00 
2.45098039e-01 1.26189089e-01 0.00000000e+00 
2.45098039e-01 1.28615803e-01 0.00000000e+00 
2.45098039e-01 1.31042516e-01 0.00000000e+00 
2.45098039e-01 1.33469229e-01 0.00000000e+00 
2.45098039e-01 1.35895943e-01 0.00000000e+00 
2.45098039e-01 1.38322656e-01 0.00000000e+00 
2.45098039e-01 1.40749369e-01 0.00000000e+00 
2.45098039e-01 1.43176082e-01 0.00000000e+00 
2.45098039e-01 1.45602796e-01 0.00000000e+00 
2.45098039e-01 1.48029509e-01 0.00000000e+00 
2.45098039e-01 1.50456222e-01 0.00000000e+00 
2.45098039e-01 1.52882935e-01 0.00000000e+00 
2.45098039e-01 1.55309649e-01 0.00000000e+00 
2.45098039e-01 1.57736362e-01 0.00000000e+00 
2.45098039e-01 1.60163075e-01 0.00000000e+00 
2.45098039e-01 1.62589788e-01 0.00000000e+00 
2.45098039e-01 1.65016502e-01 0.00000000e+00 
2.45098039e-01 1.67443215e-01 0.00000000e+00 
2.45098039e-01 1.69869928e-01 0.00000000e+00 
2.45098039e-01 1.72296641e-01 0.00000000e+00 
2.45098039e-01 1.74723355e-01 0.00000000e+00 
2.45098039e-01 1.77150068e-01 0.00000000e+00 
2.45098039e-01 1.79576781e-01 0.00000000e+00 
2.45098039e-01 1.82003494e-01 0.00000000e+00 
2.45098039e-01 1.84430208e-01 0.00000000e+00 
2.45098039e-01 1.86856921e-01 0.00000000e+00 
2.45098039e-01 1.89283634e-01 0.00000000e+00 
2.45098039e-01 1.91710348e-01 0.00000000e+00 
2.45098039e-01 1.94137061e-01 0.00000000e+00 
2.45098039e-01 1.96563774e-01 0.00000000e+00 
2.45098039e-01 1.98990487e-01 0.00000000e+00 
2.45098039e-01 2.01417201e-01 0.00000000e+00 
2.45098039e-01 2.03843914e-01 0.00000000e+00 
2.45098039e-01 2.06270627e-01 0.00000000e+00 
2.45098039e-01 2.08697340e-01 0.00000000e+00 
2.45098039e-01 2.11124054e-01 0.00000000e+00 
2.45098039e-01 2.13550767e-01 0.00000000e+00 
2.45098039e-01 2.15977480e-01 0.00000000e+00 
2.45098039e-01 2.18404193e-01 0.00000000e+00 
2.45098039e-01 2.20830907e-01 0.00000000e+00 
2.45098039e-01 2.23257620e-01 0.00000000e+00 
2.45098039e-01 2.25684333e-01 0.00000000e+00 
2.45098039e-01 2.28111046e-01 0.00000000e+00 
2.45098039e-01 2.30537760e-01 0.00000000e+00 
2.45098039e-01 2.32964473e-01 0.00000000e+00 
2.45098039e-01 2.35391186e-01 0.00000000e+00 
2.45098039e-01 2.37817899e-01 0.00000000e+00 
2.45098039e-01 2.40244613e-01 0.00000000e+00 
2.45098039e-01 2.42671326e-01 0.00000000e+00 
2.45098039e-01 2.45098039e-01 0.00000000e+00 110-000
2.42671326e-01 2.42671326e-01 0.00000000e+00 
2.40244613e-01 2.40244613e-01 0.00000000e+00 
2.37817899e-01 2.37817899e-01 0.00000000e+00 
2.35391186e-01 2.35391186e-01 0.00000000e+00 
2.32964473e-01 2.32964473e-01 0.00000000e+00 
2.30537760e-01 2.30537760e-01 0.00000000e+00 
2.28111046e-01 2.28111046e-01 0.00000000e+00 
2.25684333e-01 2.25684333e-01 0.00000000e+00 
2.23257620e-01 2.23257620e-01 0.00000000e+00 
2.20830907e-01 2.20830907e-01 0.00000000e+00 
2.18404193e-01 2.18404193e-01 0.00000000e+00 
2.15977480e-01 2.15977480e-01 0.00000000e+00 
2.13550767e-01 2.13550767e-01 0.00000000e+00 
2.11124054e-01 2.11124054e-01 0.00000000e+00 
2.08697340e-01 2.08697340e-01 0.00000000e+00 
2.06270627e-01 2.06270627e-01 0.00000000e+00 
2.03843914e-01 2.03843914e-01 0.00000000e+00 
2.01417201e-01 2.01417201e-01 0.00000000e+00 
1.98990487e-01 1.98990487e-01 0.00000000e+00 
1.96563774e-01 1.96563774e-01 0.00000000e+00 
1.94137061e-01 1.94137061e-01 0.00000000e+00 
1.91710348e-01 1.91710348e-01 0.00000000e+00 
1.89283634e-01 1.89283634e-01 0.00000000e+00 
1.86856921e-01 1.86856921e-01 0.00000000e+00 
1.84430208e-01 1.84430208e-01 0.00000000e+00 
1.82003494e-01 1.82003494e-01 0.00000000e+00 
1.79576781e-01 1.79576781e-01 0.00000000e+00 
1.77150068e-01 1.77150068e-01 0.00000000e+00 
1.74723355e-01 1.74723355e-01 0.00000000e+00 
1.72296641e-01 1.72296641e-01 0.00000000e+00 
1.69869928e-01 1.69869928e-01 0.00000000e+00 
1.67443215e-01 1.67443215e-01 0.00000000e+00 
1.65016502e-01 1.65016502e-01 0.00000000e+00 
1.62589788e-01 1.62589788e-01 0.00000000e+00 
1.60163075e-01 1.60163075e-01 0.00000000e+00 
1.57736362e-01 1.57736362e-01 0.00000000e+00 
1.55309649e-01 1.55309649e-01 0.00000000e+00 
1.52882935e-01 1.52882935e-01 0.00000000e+00 
1.50456222e-01 1.50456222e-01 0.00000000e+00 
1.48029509e-01 1.48029509e-01 0.00000000e+00 
1.45602796e-01 1.45602796e-01 0.00000000e+00 
1.43176082e-01 1.43176082e-01 0.00000000e+00 
1.40749369e-01 1.40749369e-01 0.00000000e+00 
1.38322656e-01 1.38322656e-01 0.00000000e+00 
1.35895943e-01 1.35895943e-01 0.00000000e+00 
1.33469229e-01 1.33469229e-01 0.00000000e+00 
1.31042516e-01 1.31042516e-01 0.00000000e+00 
1.28615803e-01 1.28615803e-01 0.00000000e+00 
1.26189089e-01 1.26189089e-01 0.00000000e+00 
1.23762376e-01 1.23762376e-01 0.00000000e+00 
1.21335663e-01 1.21335663e-01 0.00000000e+00 
1.18908950e-01 1.18908950e-01 0.00000000e+00 
1.16482236e-01 1.16482236e-01 0.00000000e+00 
1.14055523e-01 1.14055523e-01 0.00000000e+00 
1.11628810e-01 1.11628810e-01 0.00000000e+00 
1.09202097e-01 1.09202097e-01 0.00000000e+00 
1.06775383e-01 1.06775383e-01 0.00000000e+00 
1.04348670e-01 1.04348670e-01 0.00000000e+00 
1.01921957e-01 1.01921957e-01 0.00000000e+00 
9.94952436e-02 9.94952436e-02 0.00000000e+00 
9.70685304e-02 9.70685304e-02 0.00000000e+00 
9.46418171e-02 9.46418171e-02 0.00000000e+00 
9.22151039e-02 9.22151039e-02 0.00000000e+00 
8.97883906e-02 8.97883906e-02 0.00000000e+00 
8.73616773e-02 8.73616773e-02 0.00000000e+00 
8.49349641e-02 8.49349641e-02 0.00000000e+00 
8.25082508e-02 8.25082508e-02 0.00000000e+00 
8.00815376e-02 8.00815376e-02 0.00000000e+00 
7.76548243e-02 7.76548243e-02 0.00000000e+00 
7.52281110e-02 7.52281110e-02 0.00000000e+00 
7.28013978e-02 7.28013978e-02 0.00000000e+00 
7.03746845e-02 7.03746845e-02 0.00000000e+00 
6.79479713e-02 6.79479713e-02 0.00000000e+00 
6.55212580e-02 6.55212580e-02 0.00000000e+00 
6.30945447e-02 6.30945447e-02 0.00000000e+00 
6.06678315e-02 6.06678315e-02 0.00000000e+00 
5.82411182e-02 5.82411182e-02 0.00000000e+00 
5.58144050e-02 5.58144050e-02 0.00000000e+00 
5.33876917e-02 5.33876917e-02 0.00000000e+00 
5.09609785e-02 5.09609785e-02 0.00000000e+00 
4.85342652e-02 4.85342652e-02 0.00000000e+00 
4.61075519e-02 4.61075519e-02 0.00000000e+00 
4.36808387e-02 4.36808387e-02 0.00000000e+00 
4.12541254e-02 4.12541254e-02 0.00000000e+00 
3.88274122e-02 3.88274122e-02 0.00000000e+00 
3.64006989e-02 3.64006989e-02 0.00000000e+00 
3.39739856e-02 3.39739856e-02 0.00000000e+00 
3.15472724e-02 3.15472724e-02 0.00000000e+00 
2.91205591e-02 2.91205591e-02 0.00000000e+00 
2.66938459e-02 2.66938459e-02 0.00000000e+00 
2.42671326e-02 2.42671326e-02 0.00000000e+00 
2.18404193e-02 2.18404193e-02 0.00000000e+00 
1.94137061e-02 1.94137061e-02 0.00000000e+00 
1.69869928e-02 1.69869928e-02 0.00000000e+00 
1.45602796e-02 1.45602796e-02 0.00000000e+00 
1.21335663e-02 1.21335663e-02 0.00000000e+00 
9.70685304e-03 9.70685304e-03 0.00000000e+00 
7.28013978e-03 7.28013978e-03 0.00000000e+00 
4.85342652e-03 4.85342652e-03 0.00000000e+00 
2.42671326e-03 2.42671326e-03 0.00000000e+00 
0.00000000e+00 0.00000000e+00 -0.00000000e+00 000-111
2.40292195e-03 2.40292195e-03 -2.40292195e-03 
4.80584391e-03 4.80584391e-03 -4.80584391e-03 
7.20876586e-03 7.20876586e-03 -7.20876586e-03 
9.61168781e-03 9.61168781e-03 -9.61168781e-03 
1.20146098e-02 1.20146098e-02 -1.20146098e-02 
1.44175317e-02 1.44175317e-02 -1.44175317e-02 
1.68204537e-02 1.68204537e-02 -1.68204537e-02 
1.92233756e-02 1.92233756e-02 -1.92233756e-02 
2.16262976e-02 2.16262976e-02 -2.16262976e-02 
2.40292195e-02 2.40292195e-02 -2.40292195e-02 
2.64321415e-02 2.64321415e-02 -2.64321415e-02 
2.88350634e-02 2.88350634e-02 -2.88350634e-02 
3.12379854e-02 3.12379854e-02 -3.12379854e-02 
3.36409073e-02 3.36409073e-02 -3.36409073e-02 
3.60438293e-02 3.60438293e-02 -3.60438293e-02 
3.84467512e-02 3.84467512e-02 -3.84467512e-02 
4.08496732e-02 4.08496732e-02 -4.08496732e-02 
4.32525952e-02 4.32525952e-02 -4.32525952e-02 
4.56555171e-02 4.56555171e-02 -4.56555171e-02 
4.80584391e-02 4.80584391e-02 -4.80584391e-02 
5.04613610e-02 5.04613610e-02 -5.04613610e-02 
5.28642830e-02 5.28642830e-02 -5.28642830e-02 
5.52672049e-02 5.52672049e-02 -5.52672049e-02 
5.76701269e-02 5.76701269e-02 -5.76701269e-02 
6.00730488e-02 6.00730488e-02 -6.00730488e-02 
6.24759708e-02 6.24759708e-02 -6.24759708e-02 
6.48788927e-02 6.48788927e-02 -6.48788927e-02 
6.72818147e-02 6.72818147e-02 -6.72818147e-02 
6.96847366e-02 6.96847366e-02 -6.96847366e-02 
7.20876586e-02 7.20876586e-02 -7.20876586e-02 
7.44905805e-02 7.44905805e-02 -7.44905805e-02 
7.68935025e-02 7.68935025e-02 -7.68935025e-02 
7.92964245e-02 7.92964245e-02 -7.92964245e-02 
8.16993464e-02 8.16993464e-02 -8.16993464e-02 
8.41022684e-02 8.41022684e-02 -8.41022684e-02 
8.65051903e-02 8.65051903e-02 -8.65051903e-02 
8.89081123e-02 8.89081123e-02 -8.89081123e-02 
9.13110342e-02 9.13110342e-02 -9.13110342e-02 
9.37139562e-02 9.37139562e-02 -9.37139562e-02 
9.61168781e-02 9.61168781e-02 -9.61168781e-02 
9.85198001e-02 9.85198001e-02 -9.85198001e-02 
1.00922722e-01 1.00922722e-01 -1.00922722e-01 
1.03325644e-01 1.03325644e-01 -1.03325644e-01 
1.05728566e-01 1.05728566e-01 -1.05728566e-01 
1.08131488e-01 1.08131488e-01 -1.08131488e-01 
1.10534410e-01 1.10534410e-01 -1.10534410e-01 
1.12937332e-01 1.12937332e-01 -1.12937332e-01 
1.15340254e-01 1.15340254e-01 -1.15340254e-01 
1.17743176e-01 1.17743176e-01 -1.17743176e-01 
1.20146098e-01 1.20146098e-01 -1.20146098e-01 
