0 -1.45393663e+01 -1.87502543e+00 -1.87501701e+00 -1.87501701e+00 3.20469223e+00 1.23718928e+01 1.23718928e+01 1.23719064e+01 1.31616047e+01 1.31616048e+01 1.73209374e+01 1.73209374e+01 1.73209783e+01 2.74541019e+01 2.74541370e+01 2.74541370e+01 3.27786391e+01 4.62720811e+01 000-100
1 -1.45392661e+01 -1.87576953e+00 -1.87517572e+00 -1.87517014e+00 3.20587904e+00 1.23691148e+01 1.23691239e+01 1.23715725e+01 1.31587266e+01 1.31619082e+01 1.73238991e+01 1.73249902e+01 1.73250178e+01 2.74513291e+01 2.74548031e+01 2.74548264e+01 3.27817133e+01 4.62738392e+01 
2 -1.45389655e+01 -1.87801567e+00 -1.87563497e+00 -1.87562937e+00 3.20943631e+00 1.23608353e+01 1.23608444e+01 1.23705982e+01 1.31501168e+01 1.31628184e+01 1.73327214e+01 1.73370793e+01 1.73371068e+01 2.74429526e+01 2.74568754e+01 2.74568987e+01 3.27909270e+01 4.62790979e+01 
3 -1.45384648e+01 -1.88174966e+00 -1.87639989e+00 -1.87639429e+00 3.21535452e+00 1.23472151e+01 1.23472241e+01 1.23689756e+01 1.31358486e+01 1.31643345e+01 1.73473485e+01 1.73570005e+01 1.73570280e+01 2.74290312e+01 2.74603425e+01 2.74603658e+01 3.28062533e+01 4.62878105e+01 
4 -1.45377646e+01 -1.88695715e+00 -1.87746980e+00 -1.87746419e+00 3.22361795e+00 1.23285127e+01 1.23285216e+01 1.23667063e+01 1.31160406e+01 1.31664553e+01 1.73676695e+01 1.73844230e+01 1.73844507e+01 2.74096227e+01 2.74652243e+01 2.74652475e+01 3.28276487e+01 4.62998992e+01 
5 -1.45368653e+01 -1.89361836e+00 -1.87884370e+00 -1.87883810e+00 3.23420482e+00 1.23050719e+01 1.23050808e+01 1.23637927e+01 1.30908526e+01 1.31691791e+01 1.73935354e+01 1.74189040e+01 1.74189318e+01 2.73848065e+01 2.74715477e+01 2.74715709e+01 3.28550538e+01 4.63152558e+01 
6 -1.45357679e+01 -1.90170824e+00 -1.88052033e+00 -1.88051473e+00 3.24708752e+00 1.22773058e+01 1.22773145e+01 1.23602380e+01 1.30604802e+01 1.31725035e+01 1.74247649e+01 1.74599051e+01 1.74599333e+01 2.73546810e+01 2.74793470e+01 2.74793700e+01 3.28883956e+01 4.63337416e+01 
7 -1.45344734e+01 -1.91119679e+00 -1.88249811e+00 -1.88249252e+00 3.26223287e+00 1.22456791e+01 1.22456877e+01 1.23560458e+01 1.30251477e+01 1.31764258e+01 1.74611512e+01 1.75068128e+01 1.75068412e+01 2.73193619e+01 2.74886624e+01 2.74886853e+01 3.29275894e+01 4.63551887e+01 
8 -1.45329829e+01 -1.92204940e+00 -1.88477518e+00 -1.88476960e+00 3.27960249e+00 1.22106909e+01 1.22106994e+01 1.23512206e+01 1.29851021e+01 1.31809427e+01 1.75024690e+01 1.75589573e+01 1.75589859e+01 2.72789796e+01 2.74995398e+01 2.74995625e+01 3.29725410e+01 4.63793999e+01 
9 -1.45312979e+01 -1.93422720e+00 -1.88734938e+00 -1.88734380e+00 3.29915310e+00 1.21728574e+01 1.21728657e+01 1.23457674e+01 1.29406062e+01 1.31860505e+01 1.75484807e+01 1.76156324e+01 1.76156614e+01 2.72336766e+01 2.75120297e+01 2.75120523e+01 3.30231492e+01 4.64061506e+01 
10 -1.45294197e+01 -1.94768748e+00 -1.89021821e+00 -1.89021264e+00 3.32083695e+00 1.21326975e+01 1.21327057e+01 1.23396921e+01 1.28919326e+01 1.31917449e+01 1.75989436e+01 1.76761130e+01 1.76761423e+01 2.71836053e+01 2.75261866e+01 2.75262089e+01 3.30793084e+01 4.64351891e+01 
11 -1.45273503e+01 -1.96238415e+00 -1.89337889e+00 -1.89337332e+00 3.34460224e+00 1.20907205e+01 1.20907285e+01 1.23330009e+01 1.28393586e+01 1.31980212e+01 1.76536150e+01 1.77396699e+01 1.77396996e+01 2.71289255e+01 2.75420672e+01 2.75420894e+01 3.31409104e+01 4.64662382e+01 
12 -1.45250914e+01 -1.97826815e+00 -1.89682829e+00 -1.89682273e+00 3.37039349e+00 1.20474158e+01 1.20474236e+01 1.23257009e+01 1.27831612e+01 1.32048741e+01 1.77122573e+01 1.78055833e+01 1.78056134e+01 2.70698020e+01 2.75597302e+01 2.75597521e+01 3.32078476e+01 4.64989973e+01 
13 -1.45226451e+01 -1.99528787e+00 -1.90056298e+00 -1.90055743e+00 3.39815198e+00 1.20032460e+01 1.20032537e+01 1.23177998e+01 1.27236140e+01 1.32122978e+01 1.77746424e+01 1.78731528e+01 1.78731833e+01 2.70064030e+01 2.75792342e+01 2.75792559e+01 3.32800140e+01 4.65331433e+01 
14 -1.45200137e+01 -2.01338967e+00 -1.90457918e+00 -1.90457364e+00 3.42781618e+00 1.19586417e+01 1.19586493e+01 1.23093058e+01 1.26609838e+01 1.32202862e+01 1.78405542e+01 1.79417060e+01 1.79417368e+01 2.69388981e+01 2.76006372e+01 2.76006585e+01 3.33573084e+01 4.65683333e+01 
15 -1.45171995e+01 -2.03251823e+00 -1.90887281e+00 -1.90886728e+00 3.45932215e+00 1.19139986e+01 1.19140060e+01 1.23002279e+01 1.25955292e+01 1.32288325e+01 1.79097920e+01 1.80106042e+01 1.80106354e+01 2.68674572e+01 2.76239947e+01 2.76240157e+01 3.34396350e+01 4.66042071e+01 
16 -1.45142051e+01 -2.05261702e+00 -1.91343942e+00 -1.91343390e+00 3.49260386e+00 1.18696757e+01 1.18696830e+01 1.22905755e+01 1.25274990e+01 1.32379295e+01 1.79821715e+01 1.80792474e+01 1.80792790e+01 2.67922489e+01 2.76493590e+01 2.76493795e+01 3.35269065e+01 4.66403895e+01 
17 -1.45110332e+01 -2.07362866e+00 -1.91827427e+00 -1.91826875e+00 3.52759362e+00 1.18259953e+01 1.18260024e+01 1.22803587e+01 1.24571316e+01 1.32475695e+01 1.80575267e+01 1.81470770e+01 1.81471090e+01 2.67134399e+01 2.76767774e+01 2.76767976e+01 3.36190447e+01 4.66764935e+01 
18 -1.45076867e+01 -2.09549527e+00 -1.92337225e+00 -1.92336675e+00 3.56422236e+00 1.17832439e+01 1.17832509e+01 1.22695883e+01 1.23846545e+01 1.32577445e+01 1.81357108e+01 1.82135781e+01 1.82136104e+01 2.66311943e+01 2.77062916e+01 2.77063113e+01 3.37159828e+01 4.67121239e+01 
19 -1.45041686e+01 -2.11815887e+00 -1.92872795e+00 -1.92872246e+00 3.60241992e+00 1.17416733e+01 1.17416802e+01 1.22582753e+01 1.23102844e+01 1.32684456e+01 1.82165961e+01 1.82782801e+01 1.82783127e+01 2.65456729e+01 2.77379363e+01 2.77379555e+01 3.38176673e+01 4.67468808e+01 
20 -1.45004820e+01 -2.14156159e+00 -1.93433565e+00 -1.93433017e+00 3.64211533e+00 1.17015029e+01 1.17015096e+01 1.22342278e+01 1.22464317e+01 1.32796639e+01 1.83000751e+01 1.83407574e+01 1.83407903e+01 2.64570330e+01 2.77717379e+01 2.77717566e+01 3.39240595e+01 4.67803640e+01 
21 -1.44966302e+01 -2.16564605e+00 -1.94018928e+00 -1.94018382e+00 3.68323703e+00 1.16629215e+01 1.16629282e+01 1.21566813e+01 1.22340696e+01 1.32913898e+01 1.83860600e+01 1.84006289e+01 1.84006621e+01 2.63654283e+01 2.78077145e+01 2.78077326e+01 3.40351376e+01 4.68121768e+01 
22 -1.44926168e+01 -2.19035552e+00 -1.94628250e+00 -1.94627705e+00 3.72571302e+00 1.16260901e+01 1.16260967e+01 1.20778322e+01 1.22212019e+01 1.33036133e+01 1.84575575e+01 1.84575909e+01 1.84744834e+01 2.62710087e+01 2.78458742e+01 2.78458917e+01 3.41508996e+01 4.68419314e+01 
23 -1.44884453e+01 -2.21563414e+00 -1.95260865e+00 -1.95260322e+00 3.76947109e+00 1.15911440e+01 1.15911504e+01 1.19978591e+01 1.22078420e+01 1.33163238e+01 1.85112486e+01 1.85112822e+01 1.85652971e+01 2.61739203e+01 2.78862153e+01 2.78862321e+01 3.42713648e+01 4.68692535e+01 
24 -1.44841193e+01 -2.24142715e+00 -1.95916080e+00 -1.95915538e+00 3.81443886e+00 1.15581950e+01 1.15582014e+01 1.19169329e+01 1.21940036e+01 1.33295104e+01 1.85614489e+01 1.85614828e+01 1.86584734e+01 2.60743058e+01 2.79287257e+01 2.79287418e+01 3.43965777e+01 4.68937878e+01 
25 -1.44796427e+01 -2.26768100e+00 -1.96593174e+00 -1.96592633e+00 3.86054389e+00 1.15273344e+01 1.15273408e+01 1.18352172e+01 1.21797011e+01 1.33431618e+01 1.86079449e+01 1.86079790e+01 1.87540037e+01 2.59723043e+01 2.79733825e+01 2.79733979e+01 3.45266106e+01 4.69152032e+01 
26 -1.44750195e+01 -2.29434349e+00 -1.97291398e+00 -1.97290859e+00 3.90771378e+00 1.14986345e+01 1.14986408e+01 1.17528689e+01 1.21649491e+01 1.33572662e+01 1.86505607e+01 1.86505949e+01 1.88518989e+01 2.58680518e+01 2.80201525e+01 2.80201671e+01 3.46615673e+01 4.69331982e+01 
27 -1.44702538e+01 -2.32136384e+00 -1.98009982e+00 -1.98009445e+00 3.95587612e+00 1.14721509e+01 1.14721571e+01 1.16700392e+01 1.21497628e+01 1.33718113e+01 1.86891559e+01 1.86891901e+01 1.89521893e+01 2.57616811e+01 2.80689919e+01 2.80690057e+01 3.48015874e+01 4.69475070e+01 
28 -1.44653496e+01 -2.34869283e+00 -1.98748130e+00 -1.98747594e+00 4.00495853e+00 1.14479244e+01 1.14479306e+01 1.15868736e+01 1.21341579e+01 1.33867844e+01 1.87236236e+01 1.87236579e+01 1.90549234e+01 2.56533226e+01 2.81198470e+01 2.81198600e+01 3.49468505e+01 4.69579047e+01 
29 -1.44603113e+01 -2.37628280e+00 -1.99505024e+00 -1.99504490e+00 4.05488863e+00 1.14259831e+01 1.14259892e+01 1.15035129e+01 1.21181503e+01 1.34021724e+01 1.87538880e+01 1.87539224e+01 1.91601687e+01 2.55431042e+01 2.81726548e+01 2.81726669e+01 3.50975814e+01 4.69642128e+01 
30 -1.44551431e+01 -2.40408772e+00 -2.00279828e+00 -2.00279295e+00 4.10559396e+00 1.14063433e+01 1.14063494e+01 1.14200933e+01 1.21017563e+01 1.34179618e+01 1.87799020e+01 1.87799364e+01 1.92680098e+01 2.54311519e+01 2.82273434e+01 2.82273545e+01 3.52540553e+01 4.69663047e+01 
31 -1.44498497e+01 -2.43206321e+00 -2.01071685e+00 -2.01071154e+00 4.15700191e+00 1.13367466e+01 1.13890117e+01 1.13890179e+01 1.20849927e+01 1.34341388e+01 1.88016448e+01 1.88016792e+01 1.93785487e+01 2.53175899e+01 2.82838327e+01 2.82838429e+01 3.54166042e+01 4.69641109e+01 
32 -1.44444355e+01 -2.46016653e+00 -2.01879723e+00 -2.01879193e+00 4.20903963e+00 1.12536012e+01 1.13739862e+01 1.13739924e+01 1.20678765e+01 1.34506890e+01 1.88191194e+01 1.88191537e+01 1.94919030e+01 2.52025415e+01 2.83420359e+01 2.83420451e+01 3.55856223e+01 4.69576241e+01 
33 -1.44389052e+01 -2.48835663e+00 -2.02703052e+00 -2.02702524e+00 4.26163390e+00 1.11707814e+01 1.13612575e+01 1.13612637e+01 1.20504251e+01 1.34675977e+01 1.88323501e+01 1.88323843e+01 1.96082050e+01 2.50861289e+01 2.84018596e+01 2.84018677e+01 3.57615739e+01 4.69469042e+01 
34 -1.44332634e+01 -2.51659408e+00 -2.03540770e+00 -2.03540244e+00 4.31471100e+00 1.10884082e+01 1.13508099e+01 1.13508161e+01 1.20326562e+01 1.34848498e+01 1.88413803e+01 1.88414144e+01 1.97275995e+01 2.49684743e+01 2.84632054e+01 2.84632125e+01 3.59449989e+01 4.69320830e+01 
35 -1.44275149e+01 -2.54484112e+00 -2.04391964e+00 -2.04391440e+00 4.36819654e+00 1.10065992e+01 1.13426220e+01 1.13426283e+01 1.20145877e+01 1.35024300e+01 1.88462702e+01 1.88463042e+01 1.98502416e+01 2.48497005e+01 2.85259707e+01 2.85259767e+01 3.61365210e+01 4.69133694e+01 
36 -1.44216646e+01 -2.57306157e+00 -2.05255707e+00 -2.05255185e+00 4.42201530e+00 1.09254689e+01 1.13366684e+01 1.13366746e+01 1.19962378e+01 1.35203225e+01 1.88470944e+01 1.88471282e+01 1.99762936e+01 2.47299313e+01 2.85900494e+01 2.85900544e+01 3.63368533e+01 4.68910551e+01 
37 -1.44157174e+01 -2.60122085e+00 -2.06131066e+00 -2.06130545e+00 4.47609105e+00 1.08451282e+01 1.13329194e+01 1.13329257e+01 1.19776251e+01 1.35385110e+01 1.88439400e+01 1.88439737e+01 2.01059214e+01 2.46092929e+01 2.86553333e+01 2.86553372e+01 3.65468046e+01 4.68655209e+01 
38 -1.44096781e+01 -2.62928595e+00 -2.07017098e+00 -2.07016580e+00 4.53034636e+00 1.07656852e+01 1.13313425e+01 1.13313489e+01 1.19587681e+01 1.35569791e+01 1.88369045e+01 1.88369380e+01 2.02392890e+01 2.44879151e+01 2.87217126e+01 2.87217154e+01 3.67672839e+01 4.68372445e+01 
39 -1.44035519e+01 -2.65722538e+00 -2.07912858e+00 -2.07912341e+00 4.58470241e+00 1.06872445e+01 1.13319024e+01 1.13319088e+01 1.19396857e+01 1.35757101e+01 1.88260942e+01 1.88261275e+01 2.03765531e+01 2.43659330e+01 2.87890770e+01 2.87890786e+01 3.69993020e+01 4.68068114e+01 
40 -1.43973438e+01 -2.68500915e+00 -2.08817391e+00 -2.08816877e+00 4.63907874e+00 1.06099077e+01 1.13345618e+01 1.13345684e+01 1.19203970e+01 1.35946868e+01 1.88116223e+01 1.88116553e+01 2.05178546e+01 2.42434894e+01 2.88573162e+01 2.88573166e+01 3.72439700e+01 4.67749287e+01 
41 -1.43910589e+01 -2.71260874e+00 -2.09729744e+00 -2.09729231e+00 4.69339310e+00 1.05337729e+01 1.13392819e+01 1.13392886e+01 1.19009212e+01 1.36138918e+01 1.87936073e+01 1.87936401e+01 2.06633095e+01 2.41207389e+01 2.89263200e+01 2.89263207e+01 3.75024911e+01 4.67424456e+01 
42 -1.43847024e+01 -2.73999706e+00 -2.10648958e+00 -2.10648447e+00 4.74756118e+00 1.04589351e+01 1.13460224e+01 1.13460291e+01 1.18812776e+01 1.36333074e+01 1.87721722e+01 1.87722047e+01 2.08129956e+01 2.39978530e+01 2.89959806e+01 2.89959825e+01 3.77761437e+01 4.67103815e+01 
43 -1.43782796e+01 -2.76714843e+00 -2.11574077e+00 -2.11573568e+00 4.80149647e+00 1.03854862e+01 1.13547422e+01 1.13547490e+01 1.18614857e+01 1.36529156e+01 1.87474425e+01 1.87474748e+01 2.09669359e+01 2.38750290e+01 2.90661923e+01 2.90661954e+01 3.80662508e+01 4.66799678e+01 
44 -1.43717956e+01 -2.79403854e+00 -2.12504144e+00 -2.12503637e+00 4.85511000e+00 1.03135145e+01 1.13653993e+01 1.13654063e+01 1.18415650e+01 1.36726983e+01 1.87195457e+01 1.87195777e+01 2.11250755e+01 2.37525049e+01 2.91368512e+01 2.91368555e+01 3.83741285e+01 4.66527071e+01 
45 -1.43652559e+01 -2.82064446e+00 -2.13438204e+00 -2.13437699e+00 4.90831021e+00 1.02431054e+01 1.13779516e+01 1.13779587e+01 1.18215351e+01 1.36926368e+01 1.86886102e+01 1.86886420e+01 2.12872460e+01 2.36305846e+01 2.92078561e+01 2.92078616e+01 3.87010056e+01 4.66304612e+01 
46 -1.43586660e+01 -2.84694454e+00 -2.14375305e+00 -2.14374802e+00 4.96100277e+00 1.01743412e+01 1.13923564e+01 1.13923636e+01 1.18014158e+01 1.37127126e+01 1.86547646e+01 1.86547960e+01 2.14531092e+01 2.35096857e+01 2.92791086e+01 2.92791154e+01 3.90478972e+01 4.66155784e+01 
47 -1.43520312e+01 -2.87291843e+00 -2.15314501e+00 -2.15314000e+00 5.01309044e+00 1.01073013e+01 1.14085711e+01 1.14085784e+01 1.17812266e+01 1.37329068e+01 1.86181366e+01 1.86181677e+01 2.16220535e+01 2.33904333e+01 2.93505137e+01 2.93505216e+01 3.94154141e+01 4.66110818e+01 
48 -1.43453572e+01 -2.89854708e+00 -2.16254850e+00 -2.16254351e+00 5.06447303e+00 1.00420623e+01 1.14265530e+01 1.14265605e+01 1.17609874e+01 1.37532001e+01 1.85788531e+01 1.85788839e+01 2.17929819e+01 2.32738637e+01 2.94219792e+01 2.94219883e+01 3.98034774e+01 4.66209436e+01 
49 -1.43386498e+01 -2.92381263e+00 -2.17195416e+00 -2.17194919e+00 5.11504733e+00 9.97869842e+00 1.14462596e+01 1.14462671e+01 1.17407179e+01 1.37735732e+01 1.85370393e+01 1.85370697e+01 2.19638199e+01 2.31619096e+01 2.94934165e+01 2.94934269e+01 4.02109017e+01 4.66504812e+01 
50 -1.43319146e+01 -2.94869845e+00 -2.18135271e+00 -2.18134775e+00 5.16470717e+00 9.91728180e+00 1.14676483e+01 1.14676561e+01 1.17204377e+01 1.37940069e+01 1.84928182e+01 1.84928484e+01 2.21302130e+01 2.30586984e+01 2.95647404e+01 2.95647520e+01 4.06348094e+01 4.67069101e+01 
51 -1.43251576e+01 -2.97318909e+00 -2.19073494e+00 -2.19073001e+00 5.21334351e+00 9.85788283e+00 1.14906772e+01 1.14906851e+01 1.17001665e+01 1.38144813e+01 1.84463110e+01 1.84463409e+01 2.22817314e+01 2.29743466e+01 2.96358688e+01 2.96358816e+01 4.10698659e+01 4.68000594e+01 
52 -1.43183848e+01 -2.99727024e+00 -2.20009175e+00 -2.20008684e+00 5.26084470e+00 9.80057060e+00 1.15153042e+01 1.15153122e+01 1.16799239e+01 1.38349769e+01 1.83976362e+01 1.83976657e+01 2.23924349e+01 2.29343976e+01 2.97067230e+01 2.97067370e+01 4.15074369e+01 4.69431475e+01 
53 -1.43116024e+01 -3.02092869e+00 -2.20941412e+00 -2.20940923e+00 5.30709678e+00 9.74541334e+00 1.15414877e+01 1.15414959e+01 1.16597294e+01 1.38554737e+01 1.83469096e+01 1.83469387e+01 2.24228923e+01 2.29778103e+01 2.97772276e+01 2.97772427e+01 4.19350275e+01 4.71532533e+01 
54 -1.43048168e+01 -3.04415231e+00 -2.21869315e+00 -2.21868827e+00 5.35198399e+00 9.69247885e+00 1.15691863e+01 1.15691946e+01 1.16396023e+01 1.38759517e+01 1.82942444e+01 1.82942733e+01 2.23765225e+01 2.31006305e+01 2.98473100e+01 2.98473263e+01 4.23367775e+01 4.74507082e+01 
55 -1.42980344e+01 -3.06693000e+00 -2.22792004e+00 -2.22791518e+00 5.39538936e+00 9.64183485e+00 1.15983587e+01 1.15983673e+01 1.16195621e+01 1.38963911e+01 1.82397513e+01 1.82397798e+01 2.22922922e+01 2.32633107e+01 2.99169007e+01 2.99169183e+01 4.26959350e+01 4.78564823e+01 
56 -1.42912619e+01 -3.08925167e+00 -2.23708611e+00 -2.23708127e+00 5.43719559e+00 9.59354928e+00 1.15996277e+01 1.16289641e+01 1.16289728e+01 1.39167717e+01 1.81835380e+01 1.81835662e+01 2.21929433e+01 2.34425043e+01 2.99859332e+01 2.99859520e+01 4.29992125e+01 4.83876632e+01 
57 -1.42845058e+01 -3.11110816e+00 -2.24618281e+00 -2.24617800e+00 5.47728599e+00 9.54769041e+00 1.15798183e+01 1.16609614e+01 1.16609703e+01 1.39370734e+01 1.81257098e+01 1.81257376e+01 2.20873874e+01 2.36286958e+01 3.00543435e+01 3.00543634e+01 4.32407595e+01 4.90532909e+01 
58 -1.42777733e+01 -3.13249124e+00 -2.25520174e+00 -2.25519694e+00 5.51554574e+00 9.50432676e+00 1.15601526e+01 1.16943099e+01 1.16943190e+01 1.39572762e+01 1.80663691e+01 1.80663966e+01 2.19793225e+01 2.38176102e+01 3.01220702e+01 3.01220912e+01 4.34228821e+01 4.98534247e+01 
59 -1.42710711e+01 -3.15339352e+00 -2.26413458e+00 -2.26412980e+00 5.55186328e+00 9.46352678e+00 1.15406493e+01 1.17289688e+01 1.17289781e+01 1.39773599e+01 1.80056164e+01 1.80056435e+01 2.18705123e+01 2.40069588e+01 3.01890540e+01 3.01890762e+01 4.35533621e+01 5.07815920e+01 
60 -1.42644063e+01 -3.17380848e+00 -2.27297323e+00 -2.27296847e+00 5.58613203e+00 9.42535808e+00 1.15213268e+01 1.17648971e+01 1.17649066e+01 1.39973044e+01 1.79435492e+01 1.79435761e+01 2.17619160e+01 2.41953338e+01 3.02552384e+01 3.02552616e+01 4.36418685e+01 5.18281407e+01 
61 -1.42577861e+01 -3.19373038e+00 -2.28170967e+00 -2.28170493e+00 5.61825212e+00 9.38988655e+00 1.15022033e+01 1.18020536e+01 1.18020633e+01 1.40170898e+01 1.78802635e+01 1.78802900e+01 2.16541172e+01 2.43817978e+01 3.03205684e+01 3.03205928e+01 4.36974981e+01 5.29824574e+01 
62 -1.42512174e+01 -3.21315422e+00 -2.29033607e+00 -2.29033134e+00 5.64813243e+00 9.35717495e+00 1.14832968e+01 1.18403968e+01 1.18404068e+01 1.40366961e+01 1.78158530e+01 1.78158791e+01 2.15475063e+01 2.45657166e+01 3.03849912e+01 3.03850167e+01 4.37277582e+01 5.42337684e+01 
63 -1.42447072e+01 -3.23207576e+00 -2.29884474e+00 -2.29884003e+00 5.67569274e+00 9.32728111e+00 1.14646250e+01 1.18798847e+01 1.18798949e+01 1.40561034e+01 1.77504096e+01 1.77504354e+01 2.14423649e+01 2.47466832e+01 3.04484559e+01 3.04484825e+01 4.37384434e+01 5.55710818e+01 
64 -1.42382623e+01 -3.25049146e+00 -2.30722815e+00 -2.30722346e+00 5.70086580e+00 9.30025605e+00 1.14462054e+01 1.19204747e+01 1.19204851e+01 1.40752921e+01 1.76840240e+01 1.76840495e+01 2.13389092e+01 2.49244762e+01 3.05109131e+01 3.05109407e+01 4.37338780e+01 5.69828124e+01 
65 -1.42318895e+01 -3.26839844e+00 -2.31547894e+00 -2.31547427e+00 5.72359945e+00 9.27614165e+00 1.14280551e+01 1.19621233e+01 1.19621339e+01 1.40942426e+01 1.76167855e+01 1.76168106e+01 2.12373129e+01 2.50990343e+01 3.05723148e+01 3.05723435e+01 4.37172365e+01 5.84564105e+01 
66 -1.42255953e+01 -3.28579453e+00 -2.32358991e+00 -2.32358526e+00 5.74385864e+00 9.25496824e+00 1.14101911e+01 1.20047859e+01 1.20047968e+01 1.41129354e+01 1.75487821e+01 1.75488069e+01 2.11377205e+01 2.52704351e+01 3.06326149e+01 3.06326446e+01 4.36908307e+01 5.99781202e+01 
67 -1.42193857e+01 -3.30267817e+00 -2.33155404e+00 -2.33154940e+00 5.76162710e+00 9.23675231e+00 1.13926298e+01 1.20484168e+01 1.20484280e+01 1.41313513e+01 1.74801017e+01 1.74801261e+01 2.10402551e+01 2.54388752e+01 3.06917682e+01 3.06917989e+01 4.36563353e+01 6.15329028e+01 
68 -1.42132667e+01 -3.31904845e+00 -2.33936446e+00 -2.33935984e+00 5.77690871e+00 9.22149421e+00 1.13753876e+01 1.20929688e+01 1.20929802e+01 1.41494713e+01 1.74108314e+01 1.74108555e+01 2.09450236e+01 2.56046505e+01 3.07497309e+01 3.07497626e+01 4.36149563e+01 6.31045443e+01 
69 -1.42072439e+01 -3.33490508e+00 -2.34701451e+00 -2.34700990e+00 5.78972844e+00 9.20917619e+00 1.13584804e+01 1.21383930e+01 1.21384046e+01 1.41672765e+01 1.73410583e+01 1.73410821e+01 2.08521194e+01 2.57681375e+01 3.08064605e+01 3.08064931e+01 4.35675540e+01 6.46759287e+01 
70 -1.42013225e+01 -3.35024835e+00 -2.35449767e+00 -2.35449308e+00 5.80013276e+00 9.19976086e+00 1.13419237e+01 1.21846381e+01 1.21846499e+01 1.41847486e+01 1.72708702e+01 1.72708936e+01 2.07616249e+01 2.59297737e+01 3.08619154e+01 3.08619490e+01 4.35147330e+01 6.62294440e+01 
71 -1.41955075e+01 -3.36507914e+00 -2.36180764e+00 -2.36180306e+00 5.80818939e+00 9.19319011e+00 1.13257327e+01 1.22316506e+01 1.22316627e+01 1.42018691e+01 1.72003553e+01 1.72003784e+01 2.06736133e+01 2.60900396e+01 3.09160552e+01 3.09160896e+01 4.34569078e+01 6.77475046e+01 
72 -1.41898036e+01 -3.37939881e+00 -2.36893826e+00 -2.36893370e+00 5.81398662e+00 9.18938463e+00 1.13099224e+01 1.22793743e+01 1.22793867e+01 1.42186203e+01 1.71296032e+01 1.71296259e+01 2.05881496e+01 2.62494408e+01 3.09688403e+01 3.09688757e+01 4.33943519e+01 6.92131318e+01 
73 -1.41842152e+01 -3.39320926e+00 -2.37588359e+00 -2.37587905e+00 5.81763193e+00 9.18824401e+00 1.12945071e+01 1.23277495e+01 1.23277622e+01 1.42349843e+01 1.70587052e+01 1.70587276e+01 2.05052913e+01 2.64084924e+01 3.10202324e+01 3.10202687e+01 4.33272350e+01 7.06105559e+01 
74 -1.41787464e+01 -3.40651281e+00 -2.38263787e+00 -2.38263334e+00 5.81925015e+00 9.18964743e+00 1.12795009e+01 1.23767129e+01 1.23767258e+01 1.42509440e+01 1.69877550e+01 1.69877771e+01 2.04250896e+01 2.65677027e+01 3.10701939e+01 3.10702310e+01 4.32556519e+01 7.19257732e+01 
75 -1.41734015e+01 -3.41931214e+00 -2.38919551e+00 -2.38919099e+00 5.81898122e+00 9.19345487e+00 1.12649175e+01 1.24261965e+01 1.24262097e+01 1.42664825e+01 1.69168492e+01 1.69168710e+01 2.03475900e+01 2.67275594e+01 3.11186882e+01 3.11187261e+01 4.31796457e+01 7.31470289e+01 
76 -1.41681843e+01 -3.43161025e+00 -2.39555113e+00 -2.39554663e+00 5.81697762e+00 9.19950878e+00 1.12507701e+01 1.24761278e+01 1.24761413e+01 1.42815832e+01 1.68460880e+01 1.68461094e+01 2.02728328e+01 2.68885163e+01 3.11656795e+01 3.11657182e+01 4.30992267e+01 7.42651789e+01 
77 -1.41630990e+01 -3.44341036e+00 -2.40169954e+00 -2.40169505e+00 5.81340161e+00 9.20763606e+00 1.12370716e+01 1.25264282e+01 1.25264419e+01 1.42962300e+01 1.67755759e+01 1.67755970e+01 2.02008537e+01 2.70509799e+01 3.12111330e+01 3.12111725e+01 4.30143897e+01 7.52738991e+01 
78 -1.41581497e+01 -3.45471583e+00 -2.40763573e+00 -2.40763125e+00 5.80842247e+00 9.21765027e+00 1.12238344e+01 1.25770125e+01 1.25770265e+01 1.43104072e+01 1.67054230e+01 1.67054437e+01 2.01316841e+01 2.72152971e+01 3.12550150e+01 3.12550553e+01 4.29251286e+01 7.61697483e+01 
79 -1.41533406e+01 -3.46553009e+00 -2.41335491e+00 -2.41335044e+00 5.80221365e+00 9.22935402e+00 1.12110703e+01 1.26277881e+01 1.26278025e+01 1.43240997e+01 1.66357455e+01 1.66357659e+01 2.00653517e+01 2.73817433e+01 3.12972925e+01 3.12973335e+01 4.28314505e+01 7.69520815e+01 
80 -1.41486762e+01 -3.47585651e+00 -2.41885245e+00 -2.41884800e+00 5.79495023e+00 9.24254131e+00 1.11987910e+01 1.26786539e+01 1.26786685e+01 1.43372928e+01 1.65666670e+01 1.65666870e+01 2.00018809e+01 2.75505090e+01 3.13379335e+01 3.13379752e+01 4.27333898e+01 7.76228307e+01 
81 -1.41441613e+01 -3.48569834e+00 -2.42412396e+00 -2.42411951e+00 5.78680645e+00 9.25699989e+00 1.11870074e+01 1.27294986e+01 1.27295136e+01 1.43499721e+01 1.64983198e+01 1.64983395e+01 1.99412928e+01 2.77216875e+01 3.13769072e+01 3.13769495e+01 4.26310221e+01 7.81861922e+01 
82 -1.41398010e+01 -3.49505860e+00 -2.42916520e+00 -2.42916077e+00 5.77795365e+00 9.27251343e+00 1.11757302e+01 1.27802000e+01 1.27802153e+01 1.43621240e+01 1.64308463e+01 1.64308656e+01 1.98836060e+01 2.78952611e+01 3.14141834e+01 3.14142264e+01 4.25244782e+01 7.86482452e+01 
83 -1.41356008e+01 -3.50394004e+00 -2.43397219e+00 -2.43396776e+00 5.76855833e+00 9.28886372e+00 1.11649695e+01 1.28306233e+01 1.28306388e+01 1.43737352e+01 1.63644003e+01 1.63644193e+01 1.98288360e+01 2.80710883e+01 3.14497335e+01 3.14497771e+01 4.24139591e+01 7.90165401e+01 
84 -1.41315665e+01 -3.51234498e+00 -2.43854109e+00 -2.43853667e+00 5.75878074e+00 9.30583245e+00 1.11547348e+01 1.28806190e+01 1.28806349e+01 1.43847933e+01 1.62991490e+01 1.62991676e+01 1.97769964e+01 2.82488883e+01 3.14835295e+01 3.14835736e+01 4.22997517e+01 7.92996835e+01 
85 -1.41277043e+01 -3.52027534e+00 -2.44286829e+00 -2.44286389e+00 5.74877359e+00 9.32320307e+00 1.11450354e+01 1.29300217e+01 1.29300379e+01 1.43952860e+01 1.62352747e+01 1.62352929e+01 1.97280983e+01 2.84282271e+01 3.15155448e+01 3.15155895e+01 4.21822449e+01 7.95069471e+01 
86 -1.41240211e+01 -3.52773253e+00 -2.44695039e+00 -2.44694600e+00 5.73868112e+00 9.34076237e+00 1.11358799e+01 1.29786480e+01 1.29786646e+01 1.44052020e+01 1.61729764e+01 1.61729943e+01 1.96821508e+01 2.86085034e+01 3.15457540e+01 3.15457992e+01 4.20619457e+01 7.96479182e+01 
87 -1.41205237e+01 -3.53471744e+00 -2.45078419e+00 -2.45077980e+00 5.72863845e+00 9.35830195e+00 1.11272765e+01 1.30262946e+01 1.30263115e+01 1.44145304e+01 1.61124722e+01 1.61124897e+01 1.96391613e+01 2.87889341e+01 3.15741328e+01 3.15741786e+01 4.19394963e+01 7.97321980e+01 
88 -1.41172197e+01 -3.54123040e+00 -2.45436666e+00 -2.45436229e+00 5.71877113e+00 9.37561956e+00 1.11192328e+01 1.30727365e+01 1.30727537e+01 1.44232609e+01 1.60540009e+01 1.60540180e+01 1.95991352e+01 2.89685428e+01 3.16006583e+01 3.16007045e+01 4.18156889e+01 7.97691584e+01 
89 -1.41141167e+01 -3.54727123e+00 -2.45769504e+00 -2.45769066e+00 5.70919487e+00 9.39252045e+00 1.11117560e+01 1.31177251e+01 1.31177427e+01 1.44313840e+01 1.59978234e+01 1.59978403e+01 1.95620764e+01 2.91461506e+01 3.16253090e+01 3.16253556e+01 4.16914799e+01 7.97677518e+01 
90 -1.41112226e+01 -3.55283919e+00 -2.46076670e+00 -2.46076234e+00 5.70001550e+00 9.40881845e+00 1.11048527e+01 1.31609878e+01 1.31610057e+01 1.44388908e+01 1.59442245e+01 1.59442409e+01 1.95279875e+01 2.93203705e+01 3.16480644e+01 3.16481115e+01 4.15679999e+01 7.97363720e+01 
91 -1.41085453e+01 -3.55793311e+00 -2.46357928e+00 -2.46357492e+00 5.69132899e+00 9.42433719e+00 1.10985290e+01 1.32022269e+01 1.32022451e+01 1.44457730e+01 1.58935124e+01 1.58935285e+01 1.94968696e+01 2.94896092e+01 3.16689059e+01 3.16689533e+01 4.14465584e+01 7.96827595e+01 
92 -1.41060930e+01 -3.56255138e+00 -2.46613058e+00 -2.46612622e+00 5.68322160e+00 9.43891119e+00 1.10927906e+01 1.32411207e+01 1.32411392e+01 1.44520228e+01 1.58460185e+01 1.58460343e+01 1.94687229e+01 2.96520772e+01 3.16878161e+01 3.16878638e+01 4.13286413e+01 7.96139445e+01 
93 -1.41038734e+01 -3.56669207e+00 -2.46841863e+00 -2.46841428e+00 5.67577010e+00 9.45238688e+00 1.10876426e+01 1.32773261e+01 1.32773449e+01 1.44576336e+01 1.58020947e+01 1.58021101e+01 1.94435467e+01 2.98058108e+01 3.17047791e+01 3.17048271e+01 4.12158965e+01 7.95362182e+01 
94 -1.41018942e+01 -3.57035303e+00 -2.47044167e+00 -2.47043732e+00 5.66904206e+00 9.46462364e+00 1.10830894e+01 1.33104833e+01 1.33105024e+01 1.44625990e+01 1.57621087e+01 1.57621239e+01 1.94213395e+01 2.99487079e+01 3.17197806e+01 3.17198288e+01 4.11101074e+01 7.94551271e+01 
95 -1.41001625e+01 -3.57353198e+00 -2.47219812e+00 -2.47219378e+00 5.66309614e+00 9.47549475e+00 1.10791352e+01 1.33402229e+01 1.33402423e+01 1.44669136e+01 1.57264370e+01 1.57264519e+01 1.94020996e+01 3.00785808e+01 3.17328079e+01 3.17328564e+01 4.10131490e+01 7.93754829e+01 
96 -1.40986850e+01 -3.57622662e+00 -2.47368665e+00 -2.47368231e+00 5.65798241e+00 9.48488832e+00 1.10757834e+01 1.33661765e+01 1.33661960e+01 1.44705725e+01 1.56954538e+01 1.56954684e+01 1.93858247e+01 3.01932276e+01 3.17438500e+01 3.17438987e+01 4.09269269e+01 7.93013817e+01 
97 -1.40974675e+01 -3.57843478e+00 -2.47490610e+00 -2.47490176e+00 5.65374261e+00 9.49270810e+00 1.10730369e+01 1.33879897e+01 1.33880095e+01 1.44735717e+01 1.56695185e+01 1.56695329e+01 1.93725126e+01 3.02905196e+01 3.17528974e+01 3.17529462e+01 4.08532991e+01 7.92362291e+01 
98 -1.40965150e+01 -3.58015448e+00 -2.47585553e+00 -2.47585120e+00 5.65041051e+00 9.49887425e+00 1.10708983e+01 1.34053386e+01 1.34053586e+01 1.44759079e+01 1.56489593e+01 1.56489735e+01 1.93621613e+01 3.03685035e+01 3.17599423e+01 3.17599913e+01 4.07939829e+01 7.91827668e+01 
99 -1.40958317e+01 -3.58138410e+00 -2.47653422e+00 -2.47652989e+00 5.64801206e+00 9.50332396e+00 1.10693694e+01 1.34179465e+01 1.34179665e+01 1.44775784e+01 1.56340561e+01 1.56340702e+01 1.93547689e+01 3.04255090e+01 3.17649787e+01 3.17650278e+01 4.07504557e+01 7.91430975e+01 
100 -1.40954205e+01 -3.58212238e+00 -2.47694164e+00 -2.47693731e+00 5.64656567e+00 9.50601200e+00 1.10684515e+01 1.34256007e+01 1.34256208e+01 1.44785815e+01 1.56250237e+01 1.56250378e+01 1.93503341e+01 3.04602530e+01 3.17680023e+01 3.17680514e+01 4.07238573e+01 7.91187066e+01 
101 -1.40952832e+01 -3.58236857e+00 -2.47707748e+00 -2.47707315e+00 5.64608233e+00 9.50691105e+00 1.10681454e+01 1.34281674e+01 1.34281875e+01 1.44789160e+01 1.56219975e+01 1.56220115e+01 1.93488559e+01 3.04719265e+01 3.17690105e+01 3.17690596e+01 4.07149090e+01 7.91104784e+01 100-110
102 -1.40953013e+01 -3.58215031e+00 -2.47741053e+00 -2.47725085e+00 5.64704877e+00 9.50625111e+00 1.10512505e+01 1.34191706e+01 1.34457178e+01 1.44867060e+01 1.56220044e+01 1.56226011e+01 1.93484120e+01 3.04609469e+01 3.17711684e+01 3.17797080e+01 4.07119732e+01 7.90866638e+01 
103 -1.40953554e+01 -3.58149563e+00 -2.47841547e+00 -2.47777682e+00 5.64994617e+00 9.50427285e+00 1.10022762e+01 1.33929382e+01 1.34966189e+01 1.45092935e+01 1.56220045e+01 1.56243890e+01 1.93470828e+01 3.04291181e+01 3.17775608e+01 3.18106241e+01 4.07031729e+01 7.90154061e+01 
104 -1.40954448e+01 -3.58040486e+00 -2.48008843e+00 -2.47865087e+00 5.65476878e+00 9.50098086e+00 1.09257081e+01 1.33515286e+01 1.35763667e+01 1.45446479e+01 1.56220046e+01 1.56273638e+01 1.93448754e+01 3.03793073e+01 3.17881885e+01 3.18589387e+01 4.06885293e+01 7.88972607e+01 
105 -1.40955687e+01 -3.57887854e+00 -2.48242644e+00 -2.47986924e+00 5.66150700e+00 9.49638281e+00 1.08273735e+01 1.32975588e+01 1.36790876e+01 1.45901809e+01 1.56220046e+01 1.56315176e+01 1.93418018e+01 3.03151424e+01 3.18030129e+01 3.19210604e+01 4.06680775e+01 7.87331423e+01 
106 -1.40957255e+01 -3.57691740e+00 -2.48542539e+00 -2.48142669e+00 5.67014743e+00 9.49048937e+00 1.07131244e+01 1.32336027e+01 1.37988678e+01 1.46433588e+01 1.56220047e+01 1.56368395e+01 1.93378787e+01 3.02401549e+01 3.18219812e+01 3.19935078e+01 4.06418664e+01 7.85243097e+01 
107 -1.40959135e+01 -3.57452243e+00 -2.48908000e+00 -2.48331650e+00 5.68067288e+00 9.48331416e+00 1.05880954e+01 1.31618697e+01 1.39304971e+01 1.47020221e+01 1.56220048e+01 1.56433157e+01 1.93331268e+01 3.01573505e+01 3.18450284e+01 3.20733370e+01 4.06099583e+01 7.82723446e+01 
108 -1.40961308e+01 -3.57169481e+00 -2.49338387e+00 -2.48553055e+00 5.69306239e+00 9.47487367e+00 1.04564726e+01 1.30841264e+01 1.40697027e+01 1.47644642e+01 1.56220049e+01 1.56509294e+01 1.93275712e+01 3.00691206e+01 3.18720782e+01 3.21582292e+01 4.05724285e+01 7.79791255e+01 
109 -1.40963749e+01 -3.56843593e+00 -2.49832949e+00 -2.48805933e+00 5.70729128e+00 9.46518720e+00 1.03215417e+01 1.30017411e+01 1.42131048e+01 1.48293855e+01 1.56220051e+01 1.56596610e+01 1.93212408e+01 2.99773128e+01 3.19030453e+01 3.22464177e+01 4.05293650e+01 7.76467982e+01 
110 -1.40966434e+01 -3.56474741e+00 -2.50390825e+00 -2.49089203e+00 5.72333114e+00 9.45427676e+00 1.01858340e+01 1.29157645e+01 1.43580727e+01 1.48958116e+01 1.56220052e+01 1.56694881e+01 1.93141681e+01 2.98833452e+01 3.19378373e+01 3.23365725e+01 4.04808677e+01 7.72777423e+01 
111 -1.40969336e+01 -3.56063111e+00 -2.51011050e+00 -2.49401654e+00 5.74114990e+00 9.44216696e+00 1.00512825e+01 1.28270088e+01 1.45025719e+01 1.49630140e+01 1.56220054e+01 1.56803858e+01 1.93063885e+01 2.97883119e+01 3.19763565e+01 3.24276920e+01 4.04270481e+01 7.68745361e+01 
112 -1.40972425e+01 -3.55608908e+00 -2.51692557e+00 -2.49741958e+00 5.76071179e+00 9.42888487e+00 9.91935472e+00 1.27361102e+01 1.46450339e+01 1.50304456e+01 1.56220056e+01 1.56923263e+01 1.92979404e+01 2.96930662e+01 3.20185019e+01 3.25190184e+01 4.03680284e+01 7.64399204e+01 
113 -1.40975673e+01 -3.55112362e+00 -2.52434180e+00 -2.50108672e+00 5.78197746e+00 9.41445998e+00 9.79115718e+00 1.26435771e+01 1.47842542e+01 1.50976922e+01 1.56220058e+01 1.57052799e+01 1.92888646e+01 2.95982817e+01 3.20641707e+01 3.26099741e+01 4.03039409e+01 7.59767617e+01 
114 -1.40979049e+01 -3.54573723e+00 -2.53234660e+00 -2.50500247e+00 5.80490385e+00 9.39892398e+00 9.66751426e+00 1.25498239e+01 1.49193145e+01 1.51644375e+01 1.56220060e+01 1.57192143e+01 1.92792038e+01 2.95044957e+01 3.21132602e+01 3.27001165e+01 4.02349273e+01 7.54880161e+01 
115 -1.40982525e+01 -3.53993267e+00 -2.54092647e+00 -2.50915039e+00 5.82944432e+00 9.38231070e+00 9.54902834e+00 1.24551955e+01 1.50495251e+01 1.52304375e+01 1.56220062e+01 1.57340952e+01 1.92690025e+01 2.94121408e+01 3.21656692e+01 3.27891051e+01 4.01611378e+01 7.49766946e+01 
116 -1.40986070e+01 -3.53371291e+00 -2.55006709e+00 -2.51351313e+00 5.85554851e+00 9.36465598e+00 9.43612555e+00 1.23599851e+01 1.51743791e+01 1.52955025e+01 1.56220065e+01 1.57498861e+01 1.92583064e+01 2.93215668e+01 3.22212986e+01 3.28766772e+01 4.00827303e+01 7.44458303e+01 
117 -1.40989658e+01 -3.52708116e+00 -2.55975333e+00 -2.51807253e+00 5.88316236e+00 9.32909102e+00 9.34599752e+00 1.22644461e+01 1.52935188e+01 1.53594833e+01 1.56220067e+01 1.57665488e+01 1.92471621e+01 2.92330568e+01 3.22800531e+01 3.29626311e+01 3.99998697e+01 7.38984485e+01 
118 -1.40993259e+01 -3.52004088e+00 -2.56996933e+00 -2.52280974e+00 5.91222802e+00 9.22809692e+00 9.32637470e+00 1.21688021e+01 1.54067070e+01 1.54222619e+01 1.56220070e+01 1.57840432e+01 1.92356169e+01 2.91468393e+01 3.23418411e+01 3.30468120e+01 3.99127271e+01 7.33375395e+01 
119 -1.40996850e+01 -3.51259575e+00 -2.58069853e+00 -2.52770528e+00 5.94268377e+00 9.13322448e+00 9.30582865e+00 1.20732528e+01 1.54837441e+01 1.55138058e+01 1.56220072e+01 1.58023278e+01 1.92237184e+01 2.90630972e+01 3.24065755e+01 3.31291027e+01 3.98214787e+01 7.27660344e+01 
120 -1.41000406e+01 -3.50474971e+00 -2.59192376e+00 -2.53273915e+00 5.97446385e+00 9.04448227e+00 9.28440192e+00 1.19779796e+01 1.55438538e+01 1.56147574e+01 1.56220075e+01 1.58213594e+01 1.92115143e+01 2.89819747e+01 3.24741742e+01 3.32094153e+01 3.97263052e+01 7.21867846e+01 
121 -1.41003906e+01 -3.49650694e+00 -2.60362727e+00 -2.53789092e+00 6.00749834e+00 8.96182089e+00 9.26213849e+00 1.18831491e+01 1.56025292e+01 1.56220078e+01 1.57095697e+01 1.58410934e+01 1.91990523e+01 2.89035835e+01 3.25445597e+01 3.32876850e+01 3.96273911e+01 7.16025450e+01 
122 -1.41007329e+01 -3.48787188e+00 -2.61579079e+00 -2.54313984e+00 6.04171293e+00 8.88514521e+00 9.23908364e+00 1.17889168e+01 1.56220081e+01 1.56597196e+01 1.57983030e+01 1.58614839e+01 1.91863795e+01 2.88280066e+01 3.26176592e+01 3.33638649e+01 3.95249234e+01 7.10159594e+01 
123 -1.41010658e+01 -3.47884922e+00 -2.62839561e+00 -2.54846490e+00 6.07702867e+00 8.81432452e+00 9.21528388e+00 1.16954291e+01 1.56220084e+01 1.57153823e+01 1.58810591e+01 1.58824840e+01 1.91735428e+01 2.87553032e+01 3.26934045e+01 3.34379218e+01 3.94190914e+01 7.04295508e+01 
124 -1.41013877e+01 -3.46944391e+00 -2.64142261e+00 -2.55384495e+00 6.11336168e+00 8.74920089e+00 9.19078682e+00 1.16028254e+01 1.56220087e+01 1.57694813e+01 1.59040450e+01 1.59579736e+01 1.91605886e+01 2.86855115e+01 3.27717318e+01 3.35098326e+01 3.93100857e+01 6.98457130e+01 
125 -1.41016974e+01 -3.45966117e+00 -2.65485233e+00 -2.55925880e+00 6.15062279e+00 8.68959615e+00 9.16564115e+00 1.15112407e+01 1.56220090e+01 1.58219852e+01 1.59261183e+01 1.60292059e+01 1.91475625e+01 2.86186519e+01 3.28525812e+01 3.35795813e+01 3.91980976e+01 6.92667059e+01 
126 -1.41019938e+01 -3.44950648e+00 -2.66866501e+00 -2.56468526e+00 6.18871715e+00 8.63531766e+00 9.13989654e+00 1.14208063e+01 1.56220093e+01 1.58728664e+01 1.59486535e+01 1.60949351e+01 1.91345097e+01 2.85547297e+01 3.29358962e+01 3.36471563e+01 3.90833180e+01 6.86946532e+01 
127 -1.41022760e+01 -3.43898560e+00 -2.68284066e+00 -2.57010328e+00 6.22754375e+00 8.58616297e+00 9.11360361e+00 1.13316525e+01 1.56220096e+01 1.59220993e+01 1.59715994e+01 1.61553536e+01 1.91214747e+01 2.84937374e+01 3.30216236e+01 3.37125487e+01 3.89659376e+01 6.81315419e+01 
128 -1.41025434e+01 -3.42810457e+00 -2.69735911e+00 -2.57549198e+00 6.26699492e+00 8.54192377e+00 9.08681388e+00 1.12439090e+01 1.56220099e+01 1.59696604e+01 1.59949040e+01 1.62106626e+01 1.91085013e+01 2.84356567e+01 3.31097129e+01 3.37757498e+01 3.88461455e+01 6.75792236e+01 
129 -1.41027954e+01 -3.41686971e+00 -2.71220006e+00 -2.58083079e+00 6.30695571e+00 8.50238893e+00 9.05957973e+00 1.11577071e+01 1.56220102e+01 1.60155264e+01 1.60185148e+01 1.62610688e+01 1.90956330e+01 2.83804606e+01 3.32001156e+01 3.38367498e+01 3.87241291e+01 6.70394180e+01 
130 -1.41030318e+01 -3.40528764e+00 -2.72734310e+00 -2.58609946e+00 6.34730333e+00 8.46734707e+00 9.03195440e+00 1.10731809e+01 1.56220105e+01 1.60423774e+01 1.60596757e+01 1.63067812e+01 1.90829124e+01 2.83281153e+01 3.32927854e+01 3.38955369e+01 3.86000735e+01 6.65137164e+01 
131 -1.41032526e+01 -3.39336526e+00 -2.74276780e+00 -2.59127817e+00 6.38790640e+00 8.43658846e+00 9.00399198e+00 1.09904685e+01 1.56220107e+01 1.60664381e+01 1.61020849e+01 1.63480091e+01 1.90703821e+01 2.82785812e+01 3.33876772e+01 3.39520956e+01 3.84741612e+01 6.60035875e+01 
132 -1.41034577e+01 -3.38110978e+00 -2.75845372e+00 -2.59634757e+00 6.42862426e+00 8.40990667e+00 8.97574737e+00 1.09097137e+01 1.56220110e+01 1.60906414e+01 1.61427314e+01 1.63849595e+01 1.90580841e+01 2.82318147e+01 3.34847469e+01 3.40064065e+01 3.83465713e+01 6.55103827e+01 
133 -1.41036473e+01 -3.36852872e+00 -2.77438046e+00 -2.60128888e+00 6.46930625e+00 8.38709965e+00 8.94727638e+00 1.08310670e+01 1.56220113e+01 1.61149311e+01 1.61815913e+01 1.64178362e+01 1.90460599e+01 2.81877692e+01 3.35839510e+01 3.40584451e+01 3.82174796e+01 6.50353426e+01 
134 -1.41038217e+01 -3.35562988e+00 -2.79052769e+00 -2.60608390e+00 6.50979099e+00 8.36797065e+00 8.91863566e+00 1.07546871e+01 1.56220116e+01 1.61392504e+01 1.62186402e+01 1.64468386e+01 1.90343511e+01 2.81463965e+01 3.36852465e+01 3.41081820e+01 3.80870580e+01 6.45796034e+01 
135 -1.41039815e+01 -3.34242143e+00 -2.80687521e+00 -2.61071511e+00 6.54990566e+00 8.35232886e+00 8.88988279e+00 1.06807419e+01 1.56220118e+01 1.61635414e+01 1.62538526e+01 1.64721606e+01 1.90229986e+01 2.81076471e+01 3.37885900e+01 3.41555827e+01 3.79554742e+01 6.41442034e+01 
136 -1.41041270e+01 -3.32891181e+00 -2.82340296e+00 -2.61516570e+00 6.58946549e+00 8.33998977e+00 8.86107631e+00 1.06094095e+01 1.56220121e+01 1.61877452e+01 1.62872021e+01 1.64939901e+01 1.90120432e+01 2.80714718e+01 3.38939379e+01 3.42006071e+01 3.78228919e+01 6.37300898e+01 
137 -1.41042589e+01 -3.31510982e+00 -2.84009105e+00 -2.61941961e+00 6.62827328e+00 8.33077552e+00 8.83227578e+00 1.05408791e+01 1.56220123e+01 1.62118023e+01 1.63186613e+01 1.65125086e+01 1.90015254e+01 2.80378217e+01 3.40012459e+01 3.42432105e+01 3.76894700e+01 6.33381242e+01 
138 -1.41043778e+01 -3.30102458e+00 -2.85691979e+00 -2.62346157e+00 6.66611930e+00 8.32451491e+00 8.80354184e+00 1.04753517e+01 1.56220126e+01 1.62356517e+01 1.63482022e+01 1.65278912e+01 1.89914849e+01 2.80066493e+01 3.41104688e+01 3.42833433e+01 3.75553630e+01 6.29690893e+01 
139 -1.41044843e+01 -3.28666557e+00 -2.87386973e+00 -2.62727719e+00 6.70278140e+00 8.32104353e+00 8.77493628e+00 1.04130396e+01 1.56220128e+01 1.62592316e+01 1.63757959e+01 1.65403059e+01 1.89819612e+01 2.79779088e+01 3.42215600e+01 3.43209524e+01 3.74207203e+01 6.26236939e+01 
140 -1.41045792e+01 -3.27204259e+00 -2.89092168e+00 -2.63085293e+00 6.73802576e+00 8.32020360e+00 8.74652214e+00 1.03541669e+01 1.56220130e+01 1.62824786e+01 1.64014134e+01 1.65499143e+01 1.89729927e+01 2.79515564e+01 3.43344716e+01 3.43559813e+01 3.72856867e+01 6.23025783e+01 
141 -1.41046631e+01 -3.25716579e+00 -2.90805671e+00 -2.63417616e+00 6.77160808e+00 8.32184390e+00 8.71836381e+00 1.02989678e+01 1.56220132e+01 1.63053283e+01 1.64250254e+01 1.65568712e+01 1.89646170e+01 2.79275509e+01 3.43883713e+01 3.44491540e+01 3.71504021e+01 6.20063185e+01 
142 -1.41047368e+01 -3.24204570e+00 -2.92525618e+00 -2.63723522e+00 6.80327563e+00 8.32581956e+00 8.69052710e+00 1.02476852e+01 1.56220134e+01 1.63277147e+01 1.64466030e+01 1.65613246e+01 1.89568701e+01 2.79058538e+01 3.44180625e+01 3.45655556e+01 3.70150014e+01 6.17354308e+01 
143 -1.41048009e+01 -3.22669320e+00 -2.94250177e+00 -2.64001941e+00 6.83277017e+00 8.33199186e+00 8.66307942e+00 1.02005678e+01 1.56220135e+01 1.63495703e+01 1.64661181e+01 1.65634166e+01 1.89497867e+01 2.78864298e+01 3.44449952e+01 3.46836227e+01 3.68796146e+01 6.14903749e+01 
144 -1.41048561e+01 -3.21111951e+00 -2.95977549e+00 -2.64251903e+00 6.85983176e+00 8.34022798e+00 8.63608982e+00 1.01578663e+01 1.56220137e+01 1.63708257e+01 1.64835434e+01 1.65632829e+01 1.89433994e+01 2.78692466e+01 3.44691106e+01 3.48032993e+01 3.67443667e+01 6.12715572e+01 
145 -1.41049030e+01 -3.19533626e+00 -2.97705966e+00 -2.64472540e+00 6.88420376e+00 8.35040075e+00 8.60962921e+00 1.01198292e+01 1.56220138e+01 1.63914099e+01 1.64988533e+01 1.65610532e+01 1.89377385e+01 2.78542753e+01 3.44903524e+01 3.49245270e+01 3.66093780e+01 6.10793334e+01 
146 -1.41049421e+01 -3.17935544e+00 -2.99433699e+00 -2.64663088e+00 6.90563863e+00 8.36238836e+00 8.58377046e+00 1.00866962e+01 1.56220139e+01 1.64112497e+01 1.65120241e+01 1.65568520e+01 1.89328314e+01 2.78414905e+01 3.45086682e+01 3.50472446e+01 3.64747639e+01 6.09140107e+01 
147 -1.41049738e+01 -3.16318939e+00 -3.01159052e+00 -2.64822890e+00 6.92390470e+00 8.37607413e+00 8.55858858e+00 1.00586924e+01 1.56220140e+01 1.64302698e+01 1.65230345e+01 1.65507979e+01 1.89287028e+01 2.78308701e+01 3.45240102e+01 3.51713880e+01 3.63406351e+01 6.07758496e+01 
148 -1.41049987e+01 -3.14685088e+00 -3.02880365e+00 -2.64951396e+00 6.93879342e+00 8.39134619e+00 8.53416085e+00 1.00360206e+01 1.56220141e+01 1.64483925e+01 1.65318661e+01 1.65430050e+01 1.89253737e+01 2.78223960e+01 3.45363367e+01 3.52968901e+01 3.62070977e+01 6.06650651e+01 
149 -1.41050171e+01 -3.13035302e+00 -3.04596018e+00 -2.65048163e+00 6.95012668e+00 8.40809722e+00 8.51056705e+00 1.00188541e+01 1.56220141e+01 1.64655375e+01 1.65335821e+01 1.65385038e+01 1.89228613e+01 2.78160532e+01 3.45456131e+01 3.54236806e+01 3.60742534e+01 6.05818283e+01 
150 -1.41050292e+01 -3.11370934e+00 -3.06304428e+00 -2.65112859e+00 6.95776376e+00 8.42622421e+00 8.48788962e+00 1.00073302e+01 1.56220142e+01 1.64816218e+01 1.65226341e+01 1.65429354e+01 1.89211789e+01 2.78118309e+01 3.45518127e+01 3.55516858e+01 3.59421991e+01 6.05262665e+01 
151 -1.41050352e+01 -3.09693372e+00 -3.08004048e+00 -2.65145262e+00 6.96160724e+00 8.44562815e+00 8.46621388e+00 1.00015440e+01 1.56220142e+01 1.64965593e+01 1.65102611e+01 1.65451532e+01 1.89203355e+01 2.78097216e+01 3.45549170e+01 3.56808286e+01 3.58110280e+01 6.04984645e+01 
152 -1.41050352e+01 -3.09693373e+00 -3.08004048e+00 -2.65145262e+00 6.96160724e+00 8.44562815e+00 8.46621388e+00 1.00015440e+01 1.56220142e+01 1.64965593e+01 1.65102611e+01 1.65451532e+01 1.89203355e+01 2.78097216e+01 3.45549170e+01 3.56808286e+01 3.58110280e+01 6.04984645e+01 
153 -1.41050292e+01 -3.11370934e+00 -3.06304427e+00 -2.65112859e+00 6.95776376e+00 8.42622421e+00 8.48788962e+00 1.00073302e+01 1.56220142e+01 1.64816218e+01 1.65226341e+01 1.65429354e+01 1.89211789e+01 2.78118309e+01 3.45518127e+01 3.55516858e+01 3.59421991e+01 6.05262665e+01 
154 -1.41050171e+01 -3.13035302e+00 -3.04596018e+00 -2.65048163e+00 6.95012668e+00 8.40809722e+00 8.51056705e+00 1.00188541e+01 1.56220141e+01 1.64655375e+01 1.65335821e+01 1.65385038e+01 1.89228613e+01 2.78160532e+01 3.45456131e+01 3.54236806e+01 3.60742534e+01 6.05818283e+01 
155 -1.41049987e+01 -3.14685088e+00 -3.02880365e+00 -2.64951396e+00 6.93879342e+00 8.39134619e+00 8.53416084e+00 1.00360206e+01 1.56220141e+01 1.64483925e+01 1.65318661e+01 1.65430050e+01 1.89253737e+01 2.78223960e+01 3.45363367e+01 3.52968901e+01 3.62070977e+01 6.06650651e+01 
156 -1.41049738e+01 -3.16318940e+00 -3.01159051e+00 -2.64822890e+00 6.92390470e+00 8.37607413e+00 8.55858857e+00 1.00586924e+01 1.56220140e+01 1.64302698e+01 1.65230345e+01 1.65507979e+01 1.89287028e+01 2.78308701e+01 3.45240102e+01 3.51713880e+01 3.63406351e+01 6.07758496e+01 
157 -1.41049421e+01 -3.17935544e+00 -2.99433699e+00 -2.64663088e+00 6.90563863e+00 8.36238836e+00 8.58377046e+00 1.00866962e+01 1.56220139e+01 1.64112497e+01 1.65120241e+01 1.65568520e+01 1.89328314e+01 2.78414905e+01 3.45086682e+01 3.50472446e+01 3.64747639e+01 6.09140107e+01 
158 -1.41049030e+01 -3.19533627e+00 -2.97705966e+00 -2.64472540e+00 6.88420376e+00 8.35040075e+00 8.60962921e+00 1.01198292e+01 1.56220138e+01 1.63914099e+01 1.64988533e+01 1.65610532e+01 1.89377385e+01 2.78542753e+01 3.44903524e+01 3.49245270e+01 3.66093780e+01 6.10793334e+01 
159 -1.41048561e+01 -3.21111952e+00 -2.95977548e+00 -2.64251903e+00 6.85983176e+00 8.34022798e+00 8.63608982e+00 1.01578663e+01 1.56220137e+01 1.63708257e+01 1.64835434e+01 1.65632829e+01 1.89433994e+01 2.78692466e+01 3.44691106e+01 3.48032993e+01 3.67443667e+01 6.12715573e+01 
160 -1.41048009e+01 -3.22669320e+00 -2.94250177e+00 -2.64001941e+00 6.83277017e+00 8.33199186e+00 8.66307941e+00 1.02005678e+01 1.56220135e+01 1.63495703e+01 1.64661181e+01 1.65634166e+01 1.89497867e+01 2.78864298e+01 3.44449952e+01 3.46836227e+01 3.68796145e+01 6.14903749e+01 
161 -1.41047368e+01 -3.24204571e+00 -2.92525617e+00 -2.63723522e+00 6.80327563e+00 8.32581956e+00 8.69052710e+00 1.02476852e+01 1.56220134e+01 1.63277147e+01 1.64466031e+01 1.65613246e+01 1.89568701e+01 2.79058538e+01 3.44180625e+01 3.45655556e+01 3.70150014e+01 6.17354309e+01 
162 -1.41046631e+01 -3.25716580e+00 -2.90805670e+00 -2.63417616e+00 6.77160807e+00 8.32184390e+00 8.71836381e+00 1.02989678e+01 1.56220132e+01 1.63053283e+01 1.64250254e+01 1.65568712e+01 1.89646170e+01 2.79275509e+01 3.43883713e+01 3.44491540e+01 3.71504021e+01 6.20063186e+01 
163 -1.41045792e+01 -3.27204259e+00 -2.89092168e+00 -2.63085293e+00 6.73802577e+00 8.32020360e+00 8.74652213e+00 1.03541669e+01 1.56220130e+01 1.62824786e+01 1.64014134e+01 1.65499143e+01 1.89729927e+01 2.79515564e+01 3.43344717e+01 3.43559813e+01 3.72856867e+01 6.23025782e+01 
164 -1.41044843e+01 -3.28666557e+00 -2.87386973e+00 -2.62727719e+00 6.70278140e+00 8.32104353e+00 8.77493627e+00 1.04130396e+01 1.56220128e+01 1.62592316e+01 1.63757959e+01 1.65403059e+01 1.89819612e+01 2.79779088e+01 3.42215600e+01 3.43209524e+01 3.74207203e+01 6.26236939e+01 
165 -1.41043778e+01 -3.30102459e+00 -2.85691978e+00 -2.62346157e+00 6.66611929e+00 8.32451492e+00 8.80354184e+00 1.04753517e+01 1.56220126e+01 1.62356517e+01 1.63482022e+01 1.65278912e+01 1.89914849e+01 2.80066493e+01 3.41104688e+01 3.42833433e+01 3.75553630e+01 6.29690893e+01 
166 -1.41042589e+01 -3.31510982e+00 -2.84009105e+00 -2.61941961e+00 6.62827329e+00 8.33077552e+00 8.83227577e+00 1.05408791e+01 1.56220123e+01 1.62118023e+01 1.63186614e+01 1.65125086e+01 1.90015253e+01 2.80378217e+01 3.40012460e+01 3.42432105e+01 3.76894700e+01 6.33381241e+01 
167 -1.41041270e+01 -3.32891181e+00 -2.82340296e+00 -2.61516570e+00 6.58946549e+00 8.33998978e+00 8.86107631e+00 1.06094095e+01 1.56220121e+01 1.61877452e+01 1.62872021e+01 1.64939901e+01 1.90120432e+01 2.80714718e+01 3.38939379e+01 3.42006071e+01 3.78228919e+01 6.37300897e+01 
168 -1.41039815e+01 -3.34242143e+00 -2.80687521e+00 -2.61071511e+00 6.54990566e+00 8.35232886e+00 8.88988279e+00 1.06807419e+01 1.56220118e+01 1.61635414e+01 1.62538526e+01 1.64721606e+01 1.90229986e+01 2.81076471e+01 3.37885900e+01 3.41555827e+01 3.79554742e+01 6.41442035e+01 
169 -1.41038217e+01 -3.35562988e+00 -2.79052769e+00 -2.60608390e+00 6.50979100e+00 8.36797065e+00 8.91863565e+00 1.07546871e+01 1.56220116e+01 1.61392504e+01 1.62186402e+01 1.64468386e+01 1.90343510e+01 2.81463964e+01 3.36852465e+01 3.41081820e+01 3.80870579e+01 6.45796032e+01 
170 -1.41036473e+01 -3.36852872e+00 -2.77438046e+00 -2.60128888e+00 6.46930625e+00 8.38709965e+00 8.94727638e+00 1.08310670e+01 1.56220113e+01 1.61149311e+01 1.61815913e+01 1.64178362e+01 1.90460599e+01 2.81877692e+01 3.35839510e+01 3.40584451e+01 3.82174796e+01 6.50353425e+01 
171 -1.41034577e+01 -3.38110979e+00 -2.75845372e+00 -2.59634757e+00 6.42862425e+00 8.40990668e+00 8.97574738e+00 1.09097137e+01 1.56220110e+01 1.60906414e+01 1.61427314e+01 1.63849595e+01 1.90580840e+01 2.82318147e+01 3.34847469e+01 3.40064065e+01 3.83465713e+01 6.55103827e+01 
172 -1.41032526e+01 -3.39336527e+00 -2.74276780e+00 -2.59127817e+00 6.38790638e+00 8.43658847e+00 9.00399198e+00 1.09904685e+01 1.56220107e+01 1.60664381e+01 1.61020850e+01 1.63480091e+01 1.90703821e+01 2.82785812e+01 3.33876772e+01 3.39520956e+01 3.84741612e+01 6.60035876e+01 
173 -1.41030318e+01 -3.40528764e+00 -2.72734310e+00 -2.58609946e+00 6.34730334e+00 8.46734706e+00 9.03195440e+00 1.10731809e+01 1.56220105e+01 1.60423774e+01 1.60596758e+01 1.63067812e+01 1.90829124e+01 2.83281153e+01 3.32927854e+01 3.38955369e+01 3.86000735e+01 6.65137164e+01 
174 -1.41027954e+01 -3.41686971e+00 -2.71220006e+00 -2.58083079e+00 6.30695571e+00 8.50238894e+00 9.05957973e+00 1.11577071e+01 1.56220102e+01 1.60155265e+01 1.60185148e+01 1.62610688e+01 1.90956329e+01 2.83804606e+01 3.32001156e+01 3.38367498e+01 3.87241291e+01 6.70394180e+01 
175 -1.41025434e+01 -3.42810457e+00 -2.69735911e+00 -2.57549198e+00 6.26699491e+00 8.54192378e+00 9.08681388e+00 1.12439090e+01 1.56220099e+01 1.59696604e+01 1.59949040e+01 1.62106626e+01 1.91085013e+01 2.84356567e+01 3.31097128e+01 3.37757498e+01 3.88461455e+01 6.75792237e+01 
176 -1.41022760e+01 -3.43898560e+00 -2.68284066e+00 -2.57010328e+00 6.22754376e+00 8.58616296e+00 9.11360360e+00 1.13316525e+01 1.56220096e+01 1.59220994e+01 1.59715994e+01 1.61553536e+01 1.91214747e+01 2.84937374e+01 3.30216236e+01 3.37125487e+01 3.89659376e+01 6.81315418e+01 
177 -1.41019938e+01 -3.44950648e+00 -2.66866500e+00 -2.56468526e+00 6.18871715e+00 8.63531766e+00 9.13989654e+00 1.14208064e+01 1.56220093e+01 1.58728664e+01 1.59486535e+01 1.60949352e+01 1.91345097e+01 2.85547297e+01 3.29358962e+01 3.36471563e+01 3.90833180e+01 6.86946532e+01 
178 -1.41016974e+01 -3.45966117e+00 -2.65485232e+00 -2.55925880e+00 6.15062278e+00 8.68959617e+00 9.16564115e+00 1.15112407e+01 1.56220090e+01 1.58219853e+01 1.59261183e+01 1.60292059e+01 1.91475625e+01 2.86186519e+01 3.28525812e+01 3.35795813e+01 3.91980976e+01 6.92667060e+01 
179 -1.41013877e+01 -3.46944391e+00 -2.64142261e+00 -2.55384496e+00 6.11336169e+00 8.74920088e+00 9.19078681e+00 1.16028254e+01 1.56220087e+01 1.57694813e+01 1.59040451e+01 1.59579736e+01 1.91605885e+01 2.86855115e+01 3.27717318e+01 3.35098326e+01 3.93100857e+01 6.98457128e+01 
180 -1.41010658e+01 -3.47884922e+00 -2.62839561e+00 -2.54846490e+00 6.07702867e+00 8.81432452e+00 9.21528388e+00 1.16954291e+01 1.56220084e+01 1.57153823e+01 1.58810591e+01 1.58824840e+01 1.91735427e+01 2.87553032e+01 3.26934045e+01 3.34379218e+01 3.94190914e+01 7.04295508e+01 
181 -1.41007329e+01 -3.48787189e+00 -2.61579079e+00 -2.54313984e+00 6.04171292e+00 8.88514522e+00 9.23908364e+00 1.17889169e+01 1.56220081e+01 1.56597196e+01 1.57983030e+01 1.58614839e+01 1.91863794e+01 2.88280066e+01 3.26176592e+01 3.33638649e+01 3.95249234e+01 7.10159595e+01 
182 -1.41003906e+01 -3.49650695e+00 -2.60362726e+00 -2.53789092e+00 6.00749833e+00 8.96182091e+00 9.26213849e+00 1.18831492e+01 1.56025293e+01 1.56220078e+01 1.57095697e+01 1.58410934e+01 1.91990522e+01 2.89035835e+01 3.25445597e+01 3.32876850e+01 3.96273911e+01 7.16025451e+01 
183 -1.41000406e+01 -3.50474971e+00 -2.59192376e+00 -2.53273915e+00 5.97446385e+00 9.04448226e+00 9.28440191e+00 1.19779796e+01 1.55438538e+01 1.56147574e+01 1.56220075e+01 1.58213594e+01 1.92115143e+01 2.89819747e+01 3.24741742e+01 3.32094153e+01 3.97263052e+01 7.21867845e+01 
184 -1.40996850e+01 -3.51259575e+00 -2.58069853e+00 -2.52770528e+00 5.94268376e+00 9.13322449e+00 9.30582865e+00 1.20732528e+01 1.54837441e+01 1.55138058e+01 1.56220072e+01 1.58023278e+01 1.92237183e+01 2.90630972e+01 3.24065755e+01 3.31291027e+01 3.98214787e+01 7.27660344e+01 
185 -1.40993259e+01 -3.52004088e+00 -2.56996932e+00 -2.52280974e+00 5.91222801e+00 9.22809694e+00 9.32637471e+00 1.21688021e+01 1.54067070e+01 1.54222620e+01 1.56220070e+01 1.57840432e+01 1.92356168e+01 2.91468393e+01 3.23418411e+01 3.30468119e+01 3.99127271e+01 7.33375396e+01 
186 -1.40989658e+01 -3.52708116e+00 -2.55975333e+00 -2.51807253e+00 5.88316236e+00 9.32909100e+00 9.34599752e+00 1.22644461e+01 1.52935188e+01 1.53594834e+01 1.56220067e+01 1.57665488e+01 1.92471620e+01 2.92330568e+01 3.22800531e+01 3.29626311e+01 3.99998697e+01 7.38984484e+01 
187 -1.40986070e+01 -3.53371291e+00 -2.55006709e+00 -2.51351313e+00 5.85554851e+00 9.36465597e+00 9.43612555e+00 1.23599851e+01 1.51743792e+01 1.52955025e+01 1.56220065e+01 1.57498861e+01 1.92583063e+01 2.93215668e+01 3.22212986e+01 3.28766772e+01 4.00827303e+01 7.44458303e+01 
188 -1.40982525e+01 -3.53993267e+00 -2.54092647e+00 -2.50915039e+00 5.82944431e+00 9.38231070e+00 9.54902836e+00 1.24551955e+01 1.50495251e+01 1.52304376e+01 1.56220062e+01 1.57340952e+01 1.92690024e+01 2.94121409e+01 3.21656692e+01 3.27891051e+01 4.01611378e+01 7.49766946e+01 
189 -1.40979049e+01 -3.54573723e+00 -2.53234660e+00 -2.50500247e+00 5.80490386e+00 9.39892397e+00 9.66751423e+00 1.25498239e+01 1.49193146e+01 1.51644375e+01 1.56220060e+01 1.57192143e+01 1.92792037e+01 2.95044957e+01 3.21132602e+01 3.27001165e+01 4.02349273e+01 7.54880160e+01 
190 -1.40975673e+01 -3.55112362e+00 -2.52434180e+00 -2.50108672e+00 5.78197746e+00 9.41445998e+00 9.79115718e+00 1.26435771e+01 1.47842542e+01 1.50976922e+01 1.56220058e+01 1.57052799e+01 1.92888645e+01 2.95982817e+01 3.20641707e+01 3.26099741e+01 4.03039409e+01 7.59767617e+01 
191 -1.40972425e+01 -3.55608909e+00 -2.51692557e+00 -2.49741958e+00 5.76071179e+00 9.42888487e+00 9.91935474e+00 1.27361102e+01 1.46450339e+01 1.50304456e+01 1.56220056e+01 1.56923263e+01 1.92979403e+01 2.96930662e+01 3.20185019e+01 3.25190184e+01 4.03680284e+01 7.64399204e+01 
192 -1.40969336e+01 -3.56063112e+00 -2.51011050e+00 -2.49401654e+00 5.74114989e+00 9.44216696e+00 1.00512825e+01 1.28270088e+01 1.45025719e+01 1.49630140e+01 1.56220054e+01 1.56803858e+01 1.93063884e+01 2.97883119e+01 3.19763565e+01 3.24276920e+01 4.04270481e+01 7.68745362e+01 
193 -1.40966434e+01 -3.56474742e+00 -2.50390825e+00 -2.49089203e+00 5.72333114e+00 9.45427676e+00 1.01858340e+01 1.29157645e+01 1.43580727e+01 1.48958116e+01 1.56220052e+01 1.56694881e+01 1.93141680e+01 2.98833452e+01 3.19378373e+01 3.23365725e+01 4.04808677e+01 7.72777422e+01 
194 -1.40963749e+01 -3.56843593e+00 -2.49832948e+00 -2.48805933e+00 5.70729128e+00 9.46518720e+00 1.03215417e+01 1.30017411e+01 1.42131048e+01 1.48293855e+01 1.56220051e+01 1.56596610e+01 1.93212408e+01 2.99773128e+01 3.19030453e+01 3.22464177e+01 4.05293650e+01 7.76467982e+01 
195 -1.40961308e+01 -3.57169481e+00 -2.49338386e+00 -2.48553055e+00 5.69306239e+00 9.47487367e+00 1.04564727e+01 1.30841264e+01 1.40697027e+01 1.47644643e+01 1.56220049e+01 1.56509294e+01 1.93275711e+01 3.00691206e+01 3.18720782e+01 3.21582291e+01 4.05724285e+01 7.79791256e+01 
196 -1.40959135e+01 -3.57452243e+00 -2.48907999e+00 -2.48331650e+00 5.68067288e+00 9.48331415e+00 1.05880954e+01 1.31618696e+01 1.39304971e+01 1.47020222e+01 1.56220048e+01 1.56433157e+01 1.93331267e+01 3.01573505e+01 3.18450284e+01 3.20733370e+01 4.06099583e+01 7.82723445e+01 
197 -1.40957255e+01 -3.57691741e+00 -2.48542538e+00 -2.48142669e+00 5.67014742e+00 9.49048937e+00 1.07131244e+01 1.32336027e+01 1.37988679e+01 1.46433588e+01 1.56220047e+01 1.56368395e+01 1.93378786e+01 3.02401549e+01 3.18219812e+01 3.19935078e+01 4.06418664e+01 7.85243097e+01 
198 -1.40955687e+01 -3.57887854e+00 -2.48242643e+00 -2.47986924e+00 5.66150699e+00 9.49638281e+00 1.08273735e+01 1.32975589e+01 1.36790876e+01 1.45901810e+01 1.56220046e+01 1.56315176e+01 1.93418018e+01 3.03151425e+01 3.18030129e+01 3.19210604e+01 4.06680775e+01 7.87331423e+01 
199 -1.40954448e+01 -3.58040486e+00 -2.48008842e+00 -2.47865087e+00 5.65476878e+00 9.50098086e+00 1.09257081e+01 1.33515286e+01 1.35763667e+01 1.45446479e+01 1.56220046e+01 1.56273638e+01 1.93448753e+01 3.03793072e+01 3.17881885e+01 3.18589388e+01 4.06885293e+01 7.88972606e+01 
200 -1.40953554e+01 -3.58149563e+00 -2.47841547e+00 -2.47777682e+00 5.64994617e+00 9.50427284e+00 1.10022762e+01 1.33929382e+01 1.34966189e+01 1.45092935e+01 1.56220045e+01 1.56243890e+01 1.93470827e+01 3.04291181e+01 3.17775608e+01 3.18106242e+01 4.07031729e+01 7.90154061e+01 
201 -1.40953013e+01 -3.58215031e+00 -2.47741053e+00 -2.47725085e+00 5.64704877e+00 9.50625111e+00 1.10512505e+01 1.34191706e+01 1.34457178e+01 1.44867060e+01 1.56220044e+01 1.56226011e+01 1.93484120e+01 3.04609469e+01 3.17711684e+01 3.17797080e+01 4.07119732e+01 7.90866638e+01 
202 -1.40952832e+01 -3.58236857e+00 -2.47707748e+00 -2.47707315e+00 5.64608233e+00 9.50691105e+00 1.10681454e+01 1.34281674e+01 1.34281875e+01 1.44789161e+01 1.56219975e+01 1.56220115e+01 1.93488559e+01 3.04719265e+01 3.17690105e+01 3.17690596e+01 4.07149090e+01 7.91104784e+01 110-000
203 -1.40953193e+01 -3.58193206e+00 -2.47827252e+00 -2.47689912e+00 5.64801462e+00 9.50559161e+00 1.10346181e+01 1.34144287e+01 1.34588009e+01 1.44944296e+01 1.56211862e+01 1.56240156e+01 1.93479674e+01 3.04502955e+01 3.17671447e+01 3.17961978e+01 4.07090385e+01 7.90626505e+01 
204 -1.40954265e+01 -3.58062289e+00 -2.48184891e+00 -2.47637725e+00 5.65380048e+00 9.50164158e+00 1.09401385e+01 1.33754299e+01 1.35445746e+01 1.45387524e+01 1.56187532e+01 1.56300201e+01 1.93452995e+01 3.03908765e+01 3.17615463e+01 3.18719983e+01 4.06914535e+01 7.89172163e+01 
205 -1.40956012e+01 -3.57844214e+00 -2.48778057e+00 -2.47550814e+00 5.66340707e+00 9.49508564e+00 1.07991944e+01 1.33164272e+01 1.36711284e+01 1.46066271e+01 1.56147010e+01 1.56400022e+01 1.93408445e+01 3.03057327e+01 3.17522121e+01 3.19839930e+01 4.06622336e+01 7.86687279e+01 
206 -1.40958380e+01 -3.57539160e+00 -2.49602450e+00 -2.47429280e+00 5.67678037e+00 9.48596451e+00 1.06277564e+01 1.32431768e+01 1.38226684e+01 1.46922950e+01 1.56090339e+01 1.56539242e+01 1.93345902e+01 3.02066332e+01 3.17391367e+01 3.21197843e+01 4.06215100e+01 7.83093756e+01 
207 -1.40961303e+01 -3.57147380e+00 -2.50652141e+00 -2.47273264e+00 5.69384629e+00 9.47433430e+00 1.04391762e+01 1.31604221e+01 1.39860847e+01 1.47910100e+01 1.56017580e+01 1.56717345e+01 1.93265215e+01 3.01021419e+01 3.17223125e+01 3.22700157e+01 4.05694640e+01 7.78306443e+01 
208 -1.40964706e+01 -3.56669196e+00 -2.51919663e+00 -2.47082948e+00 5.71451208e+00 9.46026562e+00 1.02433186e+01 1.30715982e+01 1.41518124e+01 1.48993327e+01 1.55928808e+01 1.56933679e+01 1.93166208e+01 2.99977437e+01 3.17017299e+01 3.24283134e+01 4.05063245e+01 7.72251914e+01 
209 -1.40968519e+01 -3.56105007e+00 -2.53396122e+00 -2.46858552e+00 5.73866807e+00 9.44384263e+00 1.00470844e+01 1.29790704e+01 1.43133003e+01 1.50148932e+01 1.55824119e+01 1.57187468e+01 1.93048693e+01 2.98967210e+01 3.16773768e+01 3.25904753e+01 4.04323651e+01 7.64886073e+01 
210 -1.40972676e+01 -3.55455281e+00 -2.55071333e+00 -2.46600337e+00 5.76618974e+00 9.42516171e+00 9.85516186e+00 1.28844504e+01 1.44662481e+01 1.51360744e+01 1.55703621e+01 1.57477829e+01 1.92912479e+01 2.98008988e+01 3.16492390e+01 3.27537817e+01 4.03479003e+01 7.56207621e+01 
211 -1.40977126e+01 -3.54720560e+00 -2.56933960e+00 -2.46308604e+00 5.79693988e+00 9.40433030e+00 9.67064474e+00 1.27888473e+01 1.46079772e+01 1.52617607e+01 1.55567443e+01 1.57803776e+01 1.92757367e+01 2.97111467e+01 3.16172998e+01 3.29165335e+01 4.02532820e+01 7.46265440e+01 
212 -1.40981833e+01 -3.53901463e+00 -2.58971678e+00 -2.45983691e+00 5.83077096e+00 9.38146547e+00 9.49547878e+00 1.26930394e+01 1.47369732e+01 1.53911670e+01 1.55415728e+01 1.58164240e+01 1.92583153e+01 2.96277023e+01 3.15815403e+01 3.30777554e+01 4.01488949e+01 7.35159124e+01 
213 -1.40986782e+01 -3.52998677e+00 -2.61171336e+00 -2.45625976e+00 5.86752760e+00 9.33077789e+00 9.35669257e+00 1.25975847e+01 1.48525600e+01 1.55237274e+01 1.55248637e+01 1.58558079e+01 1.92389620e+01 2.95503829e+01 3.15419391e+01 3.32369958e+01 4.00351523e+01 7.23033275e+01 
214 -1.40991974e+01 -3.52012970e+00 -2.63519116e+00 -2.45235875e+00 5.90704886e+00 9.17705248e+00 9.33014372e+00 1.25028934e+01 1.49546644e+01 1.55066341e+01 1.56590239e+01 1.58984092e+01 1.92176527e+01 2.94787300e+01 3.14984721e+01 3.33941847e+01 3.99124914e+01 7.10067238e+01 
215 -1.40997431e+01 -3.50945182e+00 -2.66000691e+00 -2.44813842e+00 5.94917070e+00 9.03437563e+00 9.30195679e+00 1.24092740e+01 1.50436439e+01 1.54869037e+01 1.57967389e+01 1.59441033e+01 1.91943606e+01 2.94121112e+01 3.14511131e+01 3.35495276e+01 3.97813684e+01 6.96462235e+01 
216 -1.41003191e+01 -3.49796228e+00 -2.68601380e+00 -2.44360367e+00 5.99372821e+00 8.90250851e+00 9.27227384e+00 1.23169639e+01 1.51201587e+01 1.54656931e+01 1.59366256e+01 1.59927621e+01 1.91690546e+01 2.93497935e+01 3.13998329e+01 3.37034236e+01 3.96422545e+01 6.82428097e+01 
217 -1.41009307e+01 -3.48567103e+00 -2.71306287e+00 -2.43875979e+00 6.04055785e+00 8.78099403e+00 9.24124006e+00 1.22261496e+01 1.51850748e+01 1.54430245e+01 1.60442554e+01 1.60784881e+01 1.91417001e+01 2.92909980e+01 3.13445999e+01 3.38564009e+01 3.94956305e+01 6.68171177e+01 
218 -1.41015845e+01 -3.47258875e+00 -2.74100419e+00 -2.43361242e+00 6.08949923e+00 8.66922865e+00 9.20900279e+00 1.21369808e+01 1.52393917e+01 1.54189217e+01 1.60984516e+01 1.62221666e+01 1.91122585e+01 2.92349416e+01 3.12853799e+01 3.40090664e+01 3.93419835e+01 6.53884675e+01 
219 -1.41022881e+01 -3.45872693e+00 -2.76968803e+00 -2.42816756e+00 6.14039699e+00 8.56651570e+00 9.17571049e+00 1.20495799e+01 1.52841876e+01 1.53934100e+01 1.61552187e+01 1.63675283e+01 1.90806884e+01 2.91808678e+01 3.12221360e+01 3.41620662e+01 3.91818024e+01 6.39741710e+01 
220 -1.41030499e+01 -3.44409783e+00 -2.79896588e+00 -2.42243155e+00 6.19310234e+00 8.47210547e+00 9.14151189e+00 1.19640487e+01 1.53205783e+01 1.53665159e+01 1.62144251e+01 1.65144613e+01 1.90469468e+01 2.91280703e+01 3.11548286e+01 3.43160556e+01 3.90155738e+01 6.25891188e+01 
221 -1.41038791e+01 -3.42871452e+00 -2.82869113e+00 -2.41641109e+00 6.24747422e+00 8.38522525e+00 9.10655539e+00 1.18804735e+01 1.53382677e+01 1.53496856e+01 1.62759402e+01 1.66628686e+01 1.90109914e+01 2.90759108e+01 3.10834159e+01 3.44716751e+01 3.88437795e+01 6.12456188e+01 
222 -1.41047851e+01 -3.41259085e+00 -2.85871987e+00 -2.41011323e+00 6.30338031e+00 8.30510109e+00 9.07098841e+00 1.17989285e+01 1.53086949e+01 1.53726139e+01 1.63396346e+01 1.68126656e+01 1.89727823e+01 2.90238320e+01 3.10078533e+01 3.46295333e+01 3.86668930e+01 5.99534203e+01 
223 -1.41057778e+01 -3.39574149e+00 -2.88891145e+00 -2.40354533e+00 6.36069773e+00 8.23097351e+00 9.03495687e+00 1.17194784e+01 1.52778281e+01 1.53904322e+01 1.64053814e+01 1.69637772e+01 1.89322850e+01 2.89713667e+01 3.09280937e+01 3.47901938e+01 3.84853764e+01 5.87198746e+01 
224 -1.41068672e+01 -3.37818190e+00 -2.91912886e+00 -2.39671509e+00 6.41931309e+00 8.16210948e+00 8.99860490e+00 1.16421806e+01 1.52456995e+01 1.54041601e+01 1.64730552e+01 1.71161357e+01 1.88894727e+01 2.89181430e+01 3.08440882e+01 3.49541655e+01 3.82996792e+01 5.75501875e+01 
225 -1.41080634e+01 -3.35992840e+00 -2.94923915e+00 -2.38963054e+00 6.47912229e+00 8.09781070e+00 8.96207449e+00 1.15670868e+01 1.52123425e+01 1.54147571e+01 1.65425335e+01 1.72696796e+01 1.88443290e+01 2.88638876e+01 3.07557855e+01 3.51218955e+01 3.81102357e+01 5.64477068e+01 
226 -1.41093766e+01 -3.34099812e+00 -2.97911366e+00 -2.38230001e+00 6.54002948e+00 8.03742037e+00 8.92550533e+00 1.14942440e+01 1.51777917e+01 1.54231144e+01 1.66136959e+01 1.74243524e+01 1.87968509e+01 2.88084248e+01 3.06631327e+01 3.52937643e+01 3.79174637e+01 5.54142268e+01 
227 -1.41108169e+01 -3.32140899e+00 -3.00862834e+00 -2.37473216e+00 6.60194534e+00 7.98032854e+00 8.88903460e+00 1.14236954e+01 1.51420829e+01 1.54300481e+01 1.66864247e+01 1.75801017e+01 1.87470508e+01 2.87516744e+01 3.05660751e+01 3.54700821e+01 3.77217632e+01 5.44502775e+01 
228 -1.41123942e+01 -3.30117982e+00 -3.03766375e+00 -2.36693594e+00 6.66478347e+00 7.92597794e+00 8.85279704e+00 1.13554816e+01 1.51052529e+01 1.54362939e+01 1.67606046e+01 1.77368784e+01 1.86949594e+01 2.86936460e+01 3.04645572e+01 3.56510859e+01 3.75235159e+01 5.35553980e+01 
229 -1.41141185e+01 -3.28033023e+00 -3.06610526e+00 -2.35892061e+00 6.72845495e+00 7.87387055e+00 8.81692482e+00 1.12896409e+01 1.50673397e+01 1.54425028e+01 1.68361225e+01 1.78946360e+01 1.86406278e+01 2.86344328e+01 3.03585225e+01 3.58369373e+01 3.73230845e+01 5.27283731e+01 
230 -1.41159992e+01 -3.25888067e+00 -3.09384316e+00 -2.35069571e+00 6.79285893e+00 7.82357734e+00 8.78154761e+00 1.12262100e+01 1.50283824e+01 1.54492378e+01 1.69128676e+01 1.80533309e+01 1.85841305e+01 2.85742016e+01 3.02479144e+01 3.60277209e+01 3.71208122e+01 5.19674377e+01 
231 -1.41180457e+01 -3.23685245e+00 -3.12077261e+00 -2.34227107e+00 6.85786569e+00 7.77475465e+00 8.74679270e+00 1.11652243e+01 1.49884209e+01 1.54569705e+01 1.69907310e+01 1.82129206e+01 1.85255677e+01 2.85131833e+01 3.01326765e+01 3.62234414e+01 3.69170234e+01 5.12704529e+01 
232 -1.41202672e+01 -3.21426774e+00 -3.14679373e+00 -2.33365682e+00 6.92328607e+00 7.72717384e+00 8.71278506e+00 1.11067185e+01 1.49474963e+01 1.54660785e+01 1.70696054e+01 1.83733646e+01 1.84650689e+01 2.84516607e+01 3.00127535e+01 3.64240214e+01 3.67120232e+01 5.06350467e+01 
233 -1.41226724e+01 -3.19114947e+00 -3.17181161e+00 -2.32486334e+00 6.98881127e+00 7.68077988e+00 8.67964746e+00 1.10507270e+01 1.49056504e+01 1.54768422e+01 1.71493851e+01 1.84027961e+01 1.85346232e+01 2.83899564e+01 2.98880915e+01 3.65060980e+01 3.66292996e+01 5.00587272e+01 
234 -1.41252695e+01 -3.19573627e+00 -3.16752147e+00 -2.31590131e+00 7.05388521e+00 7.63581680e+00 8.64750068e+00 1.09972838e+01 1.48629260e+01 1.54894423e+01 1.72299653e+01 1.83389488e+01 1.86966577e+01 2.83284189e+01 2.97586397e+01 3.62995163e+01 3.68390266e+01 4.95389731e+01 
235 -1.41280665e+01 -3.21848266e+00 -3.14340837e+00 -2.30678166e+00 7.11741231e+00 7.59311730e+00 8.61646364e+00 1.09464234e+01 1.48193665e+01 1.55039557e+01 1.73112421e+01 1.82737695e+01 1.88594294e+01 2.82674099e+01 2.96243501e+01 3.60925288e+01 3.70528623e+01 4.90732980e+01 
236 -1.41310707e+01 -3.23997063e+00 -3.11883560e+00 -2.29751557e+00 7.17703858e+00 7.55481836e+00 8.58665357e+00 1.08981804e+01 1.47750163e+01 1.55203514e+01 1.73931118e+01 1.82075504e+01 1.90229000e+01 2.82072902e+01 2.94851799e+01 3.58853701e+01 3.72703724e+01 4.86592957e+01 
237 -1.41342891e+01 -3.26012496e+00 -3.09382939e+00 -2.28811450e+00 7.22743569e+00 7.52607344e+00 8.55818621e+00 1.08525903e+01 1.47299202e+01 1.55384847e+01 1.74754710e+01 1.81406420e+01 1.91870306e+01 2.81484062e+01 2.93410913e+01 3.56782583e+01 3.74910261e+01 4.82946646e+01 
238 -1.41377279e+01 -3.27887523e+00 -3.06841675e+00 -2.27859012e+00 7.25799126e+00 7.51735769e+00 8.53117602e+00 1.08096892e+01 1.46841239e+01 1.55580909e+01 1.75582157e+01 1.80734636e+01 1.93517816e+01 2.80910770e+01 2.91920537e+01 3.54713967e+01 3.77141923e+01 4.79772159e+01 
239 -1.41413927e+01 -3.29615585e+00 -3.04262548e+00 -2.26895439e+00 7.25825677e+00 7.53901508e+00 8.50573637e+00 1.07695142e+01 1.46376736e+01 1.55787762e+01 1.76412411e+01 1.80065156e+01 1.95171120e+01 2.80355815e+01 2.90380449e+01 3.52649749e+01 3.79391394e+01 4.77048628e+01 
240 -1.41452885e+01 -3.31190603e+00 -3.01648406e+00 -2.25921944e+00 7.23216061e+00 7.58703985e+00 8.48197967e+00 1.07321034e+01 1.45906161e+01 1.56000097e+01 1.77244415e+01 1.79403922e+01 1.96829792e+01 2.79821474e+01 2.88790519e+01 3.50591686e+01 3.81650350e+01 4.74755925e+01 
241 -1.41494196e+01 -3.32606971e+00 -2.99002172e+00 -2.24939767e+00 7.19091158e+00 7.65016666e+00 8.46001767e+00 1.06974962e+01 1.45429986e+01 1.56211135e+01 1.78077092e+01 1.78757966e+01 1.98493380e+01 2.79309401e+01 2.87150734e+01 3.48541419e+01 3.83909464e+01 4.72874237e+01 
242 -1.41537893e+01 -3.33859551e+00 -2.96326839e+00 -2.23950167e+00 7.14150596e+00 7.72135703e+00 8.43996156e+00 1.06657329e+01 1.44948688e+01 1.56412559e+01 1.78135522e+01 1.78909346e+01 2.00161400e+01 2.78820544e+01 2.85461211e+01 3.46500475e+01 3.86158438e+01 4.71383477e+01 
243 -1.41584003e+01 -3.34943678e+00 -2.93625458e+00 -2.22954421e+00 7.08712706e+00 7.79739272e+00 8.42192218e+00 1.06368553e+01 1.44462746e+01 1.56594505e+01 1.77546097e+01 1.79740057e+01 2.01833334e+01 2.78355076e+01 2.83722211e+01 3.44470272e+01 3.88386033e+01 4.70262594e+01 
244 -1.41632545e+01 -3.35855143e+00 -2.90901145e+00 -2.21953827e+00 7.02923157e+00 7.87678210e+00 8.40601022e+00 1.06109058e+01 1.43972647e+01 1.56745663e+01 1.77000429e+01 1.80568074e+01 2.03508609e+01 2.77912365e+01 2.81934170e+01 3.42452135e+01 3.90580076e+01 4.69488807e+01 
245 -1.41683528e+01 -3.36590201e+00 -2.88157073e+00 -2.20949697e+00 6.96854768e+00 7.95875489e+00 8.39233636e+00 1.05879283e+01 1.43478875e+01 1.56853571e+01 1.76510248e+01 1.81392213e+01 2.05186596e+01 2.77490966e+01 2.80097709e+01 3.40447302e+01 3.92727461e+01 4.69036859e+01 
246 -1.41736951e+01 -3.37145561e+00 -2.85396461e+00 -2.19943357e+00 6.90547968e+00 8.04285085e+00 8.38101140e+00 1.05679671e+01 1.42981920e+01 1.56905180e+01 1.76087782e+01 1.82211251e+01 2.06866593e+01 2.77088669e+01 2.78213662e+01 3.38456927e+01 3.94814086e+01 4.68878354e+01 
247 -1.41792806e+01 -3.37518385e+00 -2.82622577e+00 -2.18936145e+00 6.84027872e+00 8.12874308e+00 8.37214646e+00 1.05510673e+01 1.42482273e+01 1.56887728e+01 1.75744936e+01 1.83023920e+01 2.08547801e+01 2.76283105e+01 2.76702590e+01 3.36482091e+01 3.96824720e+01 4.68981341e+01 
248 -1.41851073e+01 -3.37706282e+00 -2.79838729e+00 -2.17929407e+00 6.77312008e+00 8.21615633e+00 8.36585304e+00 1.05372740e+01 1.41980426e+01 1.56789897e+01 1.75492192e+01 1.83828907e+01 2.10229311e+01 2.74307387e+01 2.76329311e+01 3.34523810e+01 3.98742811e+01 4.69310224e+01 
249 -1.41911724e+01 -3.37707310e+00 -2.77048258e+00 -2.16924496e+00 6.70414088e+00 8.30482670e+00 8.36224317e+00 1.05266325e+01 1.41476871e+01 1.56603072e+01 1.75337407e+01 1.84624842e+01 2.11910070e+01 2.72288158e+01 2.75965072e+01 3.32583036e+01 4.00550236e+01 4.69826145e+01 
250 -1.41974721e+01 -3.37519966e+00 -2.74254531e+00 -2.15922763e+00 6.63345961e+00 8.36142948e+00 8.39448204e+00 1.05191872e+01 1.40972103e+01 1.56322413e+01 1.75284774e+01 1.85410299e+01 2.13588839e+01 2.70227426e+01 2.75605999e+01 3.30660665e+01 4.02227048e+01 4.70487893e+01 
251 -1.42040016e+01 -3.37143189e+00 -2.71460935e+00 -2.14925559e+00 6.56118660e+00 8.36352524e+00 8.48483413e+00 1.05149816e+01 1.40466612e+01 1.55947436e+01 1.75334270e+01 1.86183789e+01 2.15264143e+01 2.68127606e+01 2.75248366e+01 3.28757541e+01 4.03751286e+01 4.71253354e+01 
252 -1.42107549e+01 -3.36576356e+00 -2.68670867e+00 -2.13934227e+00 6.48742967e+00 8.36864438e+00 8.57557855e+00 1.05140575e+01 1.39960893e+01 1.55481925e+01 1.75481751e+01 1.86943755e+01 2.16934185e+01 2.65991606e+01 2.74888854e+01 3.26874462e+01 4.05098970e+01 4.72081408e+01 
253 -1.42177255e+01 -3.35819276e+00 -2.65887730e+00 -2.12950097e+00 6.41229708e+00 8.37690150e+00 8.66639997e+00 1.05164542e+01 1.39455434e+01 1.54933236e+01 1.75719641e+01 1.87688567e+01 2.18596733e+01 2.63822945e+01 2.74524799e+01 3.25012180e+01 4.06244358e+01 4.72934083e+01 
254 -1.42249055e+01 -3.34872194e+00 -2.63114921e+00 -2.11974482e+00 6.33589880e+00 8.38841178e+00 8.75698124e+00 1.05222081e+01 1.38950726e+01 1.54311219e+01 1.76037975e+01 1.88416514e+01 2.20248937e+01 2.61625927e+01 2.74154397e+01 3.23171408e+01 4.07160587e+01 4.73778673e+01 
255 -1.42322862e+01 -3.33735784e+00 -2.60355824e+00 -2.11008669e+00 6.25834663e+00 8.40329085e+00 8.84701485e+00 1.05313517e+01 1.38447255e+01 1.53627082e+01 1.76425497e+01 1.89125804e+01 2.21887040e+01 2.59405926e+01 2.73776853e+01 3.21352819e+01 4.07820747e+01 4.74589464e+01 
256 -1.42398581e+01 -3.32411150e+00 -2.57613799e+00 -2.10053918e+00 6.17975362e+00 8.42165465e+00 8.93621516e+00 1.05439127e+01 1.37945506e+01 1.52892392e+01 1.76870589e+01 1.89814557e+01 2.23505897e+01 2.57169861e+01 2.73392447e+01 3.19557055e+01 4.08199397e+01 4.75348733e+01 
257 -1.42476107e+01 -3.30899824e+00 -2.54892175e+00 -2.09111448e+00 6.10023303e+00 8.44361910e+00 9.02433010e+00 1.05599134e+01 1.37445959e+01 1.52118341e+01 1.77361939e+01 1.90480795e+01 2.25098140e+01 2.54927014e+01 2.73002530e+01 3.17784722e+01 4.08274417e+01 4.76046775e+01 
258 -1.42555327e+01 -3.29203766e+00 -2.52194238e+00 -2.08182441e+00 6.01989706e+00 8.46929983e+00 9.11115097e+00 1.05793695e+01 1.36949091e+01 1.51315273e+01 1.77888949e+01 1.91122447e+01 2.26652652e+01 2.52690544e+01 2.72609436e+01 3.16036397e+01 4.08029018e+01 4.76680920e+01 
259 -1.42636121e+01 -3.27325364e+00 -2.49523226e+00 -2.07268023e+00 5.93885555e+00 8.49881165e+00 9.19651940e+00 1.06022896e+01 1.36455377e+01 1.50492423e+01 1.78441928e+01 1.91737331e+01 2.28151633e+01 2.50480406e+01 2.72216334e+01 3.14312632e+01 4.07453615e+01 4.77253699e+01 
260 -1.42718359e+01 -3.25267432e+00 -2.46882313e+00 -2.06369269e+00 5.85721485e+00 8.53226798e+00 9.28033100e+00 1.06286740e+01 1.35965286e+01 1.49657821e+01 1.79012138e+01 1.92323163e+01 2.29564654e+01 2.48329278e+01 2.71827038e+01 3.12613955e+01 4.06547222e+01 4.77770553e+01 
261 -1.42801906e+01 -3.23033216e+00 -2.44274604e+00 -2.05487190e+00 5.77507691e+00 8.56978018e+00 9.36253559e+00 1.06585140e+01 1.35479281e+01 1.48818297e+01 1.79591758e+01 1.92877541e+01 2.30836190e+01 2.46295005e+01 2.71445781e+01 3.10940876e+01 4.05318090e+01 4.78237552e+01 
262 -1.42886622e+01 -3.20626391e+00 -2.41703125e+00 -2.04622730e+00 5.69253877e+00 8.61145659e+00 9.44313440e+00 1.06917911e+01 1.34997822e+01 1.47979552e+01 1.80173799e+01 1.93397949e+01 2.31860468e+01 2.44485724e+01 2.71077001e+01 3.09293890e+01 4.03783436e+01 4.78659545e+01 
263 -1.42972357e+01 -3.18051069e+00 -2.39170810e+00 -2.03776761e+00 5.60969239e+00 8.65740152e+00 9.52217489e+00 1.07284764e+01 1.34521361e+01 1.47146265e+01 1.80751994e+01 1.93881752e+01 2.32445252e+01 2.43096066e+01 2.70725124e+01 3.07673487e+01 4.01968279e+01 4.79039016e+01 
264 -1.43058960e+01 -3.15311798e+00 -2.36680499e+00 -2.02950077e+00 5.52662487e+00 8.70771395e+00 9.59974411e+00 1.07685299e+01 1.34050346e+01 1.46322223e+01 1.81320696e+01 1.94326191e+01 2.32334788e+01 2.42384178e+01 2.70394386e+01 3.06080155e+01 3.99903627e+01 4.79375691e+01 
265 -1.43146271e+01 -3.12413574e+00 -2.34234921e+00 -2.02143394e+00 5.44341897e+00 8.76248602e+00 9.67596115e+00 1.08119000e+01 1.33585218e+01 1.45510449e+01 1.81874774e+01 1.94728389e+01 2.31423604e+01 2.42457901e+01 2.70088680e+01 3.04514396e+01 3.97624317e+01 4.79666771e+01 
266 -1.43234129e+01 -3.09361840e+00 -2.31836692e+00 -2.01357345e+00 5.36015388e+00 8.82180134e+00 9.75096985e+00 1.08585232e+01 1.33126410e+01 1.44713340e+01 1.82409521e+01 1.95085349e+01 2.29896294e+01 2.43134964e+01 2.69811446e+01 3.02976731e+01 3.95166847e+01 4.79907571e+01 
267 -1.43322368e+01 -3.06162504e+00 -2.29488305e+00 -2.00592480e+00 5.27690618e+00 8.88573293e+00 9.82493185e+00 1.09083238e+01 1.32674350e+01 1.43932777e+01 1.82920581e+01 1.95393962e+01 2.28009724e+01 2.44160755e+01 2.69565600e+01 3.01467721e+01 3.92567475e+01 4.80092333e+01 
268 -1.43410818e+01 -3.02821939e+00 -2.27192122e+00 -1.99849267e+00 5.19375089e+00 8.95434096e+00 9.89802074e+00 1.09612137e+01 1.32229456e+01 1.43170239e+01 1.83403882e+01 1.95651014e+01 2.25933362e+01 2.45367971e+01 2.69353487e+01 2.99987975e+01 3.89860725e+01 4.80215032e+01 
269 -1.43499308e+01 -2.99347002e+00 -2.24950367e+00 -1.99128089e+00 5.11076253e+00 9.02767020e+00 9.97041724e+00 1.10170927e+01 1.31792141e+01 1.42426895e+01 1.83855588e+01 1.95853202e+01 2.23758650e+01 2.46667228e+01 2.69176875e+01 2.98538172e+01 3.87078358e+01 4.80270069e+01 
270 -1.43587664e+01 -2.95745047e+00 -2.22765122e+00 -1.98429254e+00 5.02801621e+00 9.10574721e+00 1.00423056e+01 1.10758482e+01 1.31362806e+01 1.41703677e+01 1.84272053e+01 1.95997154e+01 2.21534974e+01 2.48011079e+01 2.69036960e+01 2.97119080e+01 3.84248781e+01 4.80252778e+01 
271 -1.43675711e+01 -2.92023934e+00 -2.20638320e+00 -1.97752991e+00 4.94558862e+00 9.18857725e+00 1.01138708e+01 1.11373558e+01 1.30941848e+01 1.41001344e+01 1.84649798e+01 1.96079458e+01 2.19290852e+01 2.49372813e+01 2.68934395e+01 2.95731572e+01 3.81396805e+01 4.80159774e+01 
272 -1.43763273e+01 -2.88192054e+00 -2.18571741e+00 -1.97099456e+00 4.86355903e+00 9.27614096e+00 1.01852969e+01 1.12014796e+01 1.30529652e+01 1.40320533e+01 1.84985487e+01 1.96096701e+01 2.17044147e+01 2.50736234e+01 2.68869324e+01 2.94376647e+01 3.78543675e+01 4.79989128e+01 
273 -1.43850174e+01 -2.84258340e+00 -2.16567008e+00 -1.96468742e+00 4.78201008e+00 9.36839096e+00 1.02567661e+01 1.12680724e+01 1.30126594e+01 1.39661789e+01 1.85275917e+01 1.96045515e+01 2.14806956e+01 2.52090777e+01 2.68841427e+01 2.93055446e+01 3.75707280e+01 4.79740427e+01 
274 -1.43936237e+01 -2.80232294e+00 -2.14625584e+00 -1.95860878e+00 4.70102858e+00 9.46524823e+00 1.03284575e+01 1.13369761e+01 1.29733043e+01 1.39025598e+01 1.85518011e+01 1.95922646e+01 2.12588046e+01 2.53429062e+01 2.68849965e+01 2.91769264e+01 3.72902469e+01 4.79414734e+01 
275 -1.44021288e+01 -2.76124001e+00 -2.12748770e+00 -1.95275842e+00 4.62070625e+00 9.56659856e+00 1.04005471e+01 1.14080225e+01 1.29349357e+01 1.38412398e+01 1.85708827e+01 1.95725022e+01 2.10394142e+01 2.54745624e+01 2.68893824e+01 2.90519558e+01 3.70141412e+01 4.79014489e+01 
276 -1.44105152e+01 -2.71944155e+00 -2.10937705e+00 -1.94713562e+00 4.54114027e+00 9.67228909e+00 1.04732065e+01 1.14810330e+01 1.28975883e+01 1.37822598e+01 1.85845563e+01 1.95449855e+01 2.08230642e+01 2.56036198e+01 2.68971562e+01 2.89307946e+01 3.67433986e+01 4.78543364e+01 
277 -1.44187658e+01 -2.67704081e+00 -2.09193365e+00 -1.94173926e+00 4.46243382e+00 9.78212508e+00 1.05466028e+01 1.15558195e+01 1.28612959e+01 1.37256578e+01 1.85925582e+01 1.95094740e+01 2.06102036e+01 2.57297323e+01 2.69081447e+01 2.88136195e+01 3.64788134e+01 4.78006096e+01 
278 -1.44268636e+01 -2.63415753e+00 -2.07516565e+00 -1.93656790e+00 4.38469660e+00 9.89586698e+00 1.06208965e+01 1.16321841e+01 1.28260913e+01 1.36714698e+01 1.85946431e+01 1.94657784e+01 2.04012169e+01 2.58526093e+01 2.69221495e+01 2.87006198e+01 3.62210208e+01 4.77408317e+01 
279 -1.44347918e+01 -2.59091820e+00 -2.05907960e+00 -1.93161982e+00 4.30804515e+00 1.00132281e+01 1.06962399e+01 1.17099190e+01 1.27920062e+01 1.36197300e+01 1.85905886e+01 1.94137740e+01 2.01964414e+01 2.59720010e+01 2.69389502e+01 2.85919939e+01 3.59705272e+01 4.76756378e+01 
280 -1.44425342e+01 -2.54745619e+00 -2.04368051e+00 -1.92689310e+00 4.23260326e+00 1.01338727e+01 1.07727739e+01 1.17888067e+01 1.27590712e+01 1.35704706e+01 1.85801990e+01 1.93534152e+01 1.99961791e+01 2.60876886e+01 2.69583076e+01 2.84879442e+01 3.57277366e+01 4.76057182e+01 
281 -1.44500748e+01 -2.50391194e+00 -2.02897189e+00 -1.92238568e+00 4.15850213e+00 1.02574151e+01 1.08506243e+01 1.18686189e+01 1.27273159e+01 1.35237225e+01 1.85633113e+01 1.92847503e+01 1.98007063e+01 2.61994782e+01 2.69799662e+01 2.83886709e+01 3.54929743e+01 4.75318035e+01 
282 -1.44573979e+01 -2.46043301e+00 -2.01495581e+00 -1.91809540e+00 4.08588061e+00 1.03834193e+01 1.09298963e+01 1.19491158e+01 1.26967685e+01 1.34795152e+01 1.85398020e+01 1.92079363e+01 1.96102812e+01 2.63071966e+01 2.70036565e+01 2.82943650e+01 3.52665067e+01 4.74546503e+01 
283 -1.44644884e+01 -2.41717419e+00 -2.00163299e+00 -1.91402007e+00 4.01488527e+00 1.05113994e+01 1.10106680e+01 1.20300452e+01 1.26674564e+01 1.34378778e+01 1.85095952e+01 1.91232526e+01 1.94251502e+01 2.64106882e+01 2.70290972e+01 2.82051999e+01 3.50485578e+01 4.73750286e+01 
284 -1.44713317e+01 -2.37429738e+00 -1.98900288e+00 -1.91015752e+00 3.94567031e+00 1.06408206e+01 1.10929822e+01 1.21111406e+01 1.26394057e+01 1.33988392e+01 1.84726722e+01 1.90311119e+01 1.92455541e+01 2.65098128e+01 2.70559975e+01 2.81213239e+01 3.48393236e+01 4.72937115e+01 
285 -1.44779137e+01 -2.33197147e+00 -1.97706380e+00 -1.90650559e+00 3.87839746e+00 1.07711016e+01 1.11768363e+01 1.21921191e+01 1.26126413e+01 1.33624296e+01 1.84290826e+01 1.89320702e+01 1.90717338e+01 2.66044442e+01 2.70840582e+01 2.80428523e+01 3.46389835e+01 4.72114653e+01 
286 -1.44842206e+01 -2.29037201e+00 -1.96581301e+00 -1.90306223e+00 3.81323566e+00 1.09016159e+01 1.12621702e+01 1.22726798e+01 1.25871869e+01 1.33286818e+01 1.83789574e+01 1.88268309e+01 1.89039362e+01 2.66944687e+01 2.71129746e+01 2.79698606e+01 3.44477101e+01 4.71290419e+01 
287 -1.44902396e+01 -2.24968080e+00 -1.95524689e+00 -1.89982544e+00 3.75036054e+00 1.10316946e+01 1.13488523e+01 1.23525004e+01 1.25630651e+01 1.32976322e+01 1.83225229e+01 1.87162475e+01 1.87424194e+01 2.67797843e+01 2.71424376e+01 2.79023799e+01 3.42656762e+01 4.70471720e+01 
288 -1.44959583e+01 -2.21008518e+00 -1.94536104e+00 -1.89679337e+00 3.68995381e+00 1.11606283e+01 1.14366633e+01 1.24312349e+01 1.25402972e+01 1.32693236e+01 1.82601168e+01 1.85874584e+01 1.86013198e+01 2.68602994e+01 2.71721356e+01 2.78403936e+01 3.40930605e+01 4.69665599e+01 
289 -1.45013648e+01 -2.17177724e+00 -1.93615046e+00 -1.89396428e+00 3.63220229e+00 1.12876687e+01 1.15252790e+01 1.25085100e+01 1.25189034e+01 1.32438058e+01 1.81922054e+01 1.84393506e+01 1.84831878e+01 2.69359324e+01 2.72017573e+01 2.77838364e+01 3.39300514e+01 4.68878785e+01 
290 -1.45064480e+01 -2.13495263e+00 -1.92760965e+00 -1.89133658e+00 3.57729679e+00 1.14120295e+01 1.16142505e+01 1.24989022e+01 1.25839229e+01 1.32211378e+01 1.81194015e+01 1.82984205e+01 1.83631208e+01 2.70066108e+01 2.72309928e+01 2.77325965e+01 3.37768490e+01 4.68117664e+01 
291 -1.45111976e+01 -2.09980924e+00 -1.91973284e+00 -1.88890879e+00 3.52543072e+00 1.15328865e+01 1.17029865e+01 1.24803116e+01 1.26570378e+01 1.32013871e+01 1.80424828e+01 1.81650244e+01 1.82425041e+01 2.70722702e+01 2.72595368e+01 2.76865185e+01 3.36336657e+01 4.67388248e+01 
292 -1.45156038e+01 -2.06654550e+00 -1.91251403e+00 -1.88667961e+00 3.47679835e+00 1.16493779e+01 1.17907365e+01 1.24631476e+01 1.27273846e+01 1.31846274e+01 1.79624083e+01 1.80395537e+01 1.81228222e+01 2.71328543e+01 2.72870904e+01 2.76454104e+01 3.35007250e+01 4.66696152e+01 
293 -1.45196575e+01 -2.03535845e+00 -1.90594721e+00 -1.88464785e+00 3.43159287e+00 1.17606029e+01 1.18765808e+01 1.24474256e+01 1.27944581e+01 1.31709315e+01 1.78803333e+01 1.79224372e+01 1.80056406e+01 2.71883134e+01 2.73133639e+01 2.76090500e+01 3.33782599e+01 4.66046580e+01 
294 -1.45233505e+01 -2.00644148e+00 -1.90002649e+00 -1.88281247e+00 3.39000411e+00 1.18656234e+01 1.19594315e+01 1.24331591e+01 1.28577192e+01 1.31603559e+01 1.77976183e+01 1.78141407e+01 1.78925852e+01 2.72386047e+01 2.73380798e+01 2.75771942e+01 3.32665088e+01 4.65444309e+01 
295 -1.45266752e+01 -1.97998190e+00 -1.89474615e+00 -1.88117255e+00 3.35221608e+00 1.19634660e+01 1.20380521e+01 1.24203606e+01 1.29165988e+01 1.31529146e+01 1.77151645e+01 1.77158299e+01 1.77853189e+01 2.72836910e+01 2.73609750e+01 2.75495878e+01 3.31657116e+01 4.64893681e+01 
296 -1.45296249e+01 -1.95615815e+00 -1.89010084e+00 -1.87972729e+00 3.31840421e+00 1.20531295e+01 1.21111026e+01 1.24090415e+01 1.29705056e+01 1.31485378e+01 1.76260364e+01 1.76367279e+01 1.76855150e+01 2.73235407e+01 2.73818043e+01 2.75259731e+01 3.30761044e+01 4.64398598e+01 
297 -1.45321936e+01 -1.93513703e+00 -1.88608560e+00 -1.87847603e+00 3.28873259e+00 1.21335983e+01 1.21772157e+01 1.23992115e+01 1.30188373e+01 1.31470172e+01 1.75473010e+01 1.75622356e+01 1.75948255e+01 2.73581271e+01 2.74003427e+01 2.75060990e+01 3.29979141e+01 4.63962511e+01 
298 -1.45343760e+01 -1.91707075e+00 -1.88269598e+00 -1.87741818e+00 3.26335097e+00 1.22038634e+01 1.22350983e+01 1.23908793e+01 1.30609972e+01 1.31479473e+01 1.74795039e+01 1.74943848e+01 1.75148432e+01 2.73874278e+01 2.74163887e+01 2.74897293e+01 3.29313525e+01 4.63588419e+01 
299 -1.45361676e+01 -1.90209404e+00 -1.87992812e+00 -1.87655328e+00 3.24239198e+00 1.22629545e+01 1.22836427e+01 1.23840521e+01 1.30964152e+01 1.31506860e+01 1.74231712e+01 1.74352339e+01 1.74470560e+01 2.74114247e+01 2.74297665e+01 2.74766510e+01 3.28766104e+01 4.63278866e+01 
300 -1.45375649e+01 -1.89032145e+00 -1.87777878e+00 -1.87588095e+00 3.22596842e+00 1.23099791e+01 1.23220120e+01 1.23787359e+01 1.31245724e+01 1.31543682e+01 1.73787855e+01 1.73867568e+01 1.73927952e+01 2.74301033e+01 2.74403288e+01 2.74666801e+01 3.28338523e+01 4.63035936e+01 
301 -1.45385650e+01 -1.88184491e+00 -1.87624540e+00 -1.87540092e+00 3.21417077e+00 1.23441708e+01 1.23496690e+01 1.23749353e+01 1.31450273e+01 1.31580012e+01 1.73467594e+01 1.73507076e+01 1.73531782e+01 2.74434529e+01 2.74479584e+01 2.74596680e+01 3.28032118e+01 4.62861254e+01 
302 -1.45391659e+01 -1.87673165e+00 -1.87532611e+00 -1.87511298e+00 3.20706526e+00 1.23649369e+01 1.23663340e+01 1.23726536e+01 1.31574423e+01 1.31606413e+01 1.73274100e+01 1.73284774e+01 1.73290537e+01 2.74514656e+01 2.74525704e+01 2.74555054e+01 3.27847873e+01 4.62755980e+01 
303 -1.45393663e+01 -1.87502543e+00 -1.87501701e+00 -1.87501701e+00 3.20469223e+00 1.23718928e+01 1.23718928e+01 1.23719064e+01 1.31616047e+01 1.31616048e+01 1.73209374e+01 1.73209374e+01 1.73209783e+01 2.74541019e+01 2.74541370e+01 2.74541370e+01 3.27786391e+01 4.62720811e+01 000-111
304 -1.45390715e+01 -1.87763398e+00 -1.87526863e+00 -1.87526115e+00 3.20818148e+00 1.23585758e+01 1.23698936e+01 1.23699061e+01 1.31578522e+01 1.31578526e+01 1.73312460e+01 1.73312824e+01 1.73327823e+01 2.74521622e+01 2.74521934e+01 2.74538516e+01 3.27876813e+01 4.62772545e+01 
305 -1.45381882e+01 -1.88545506e+00 -1.87599990e+00 -1.87599242e+00 3.21861927e+00 1.23191169e+01 1.23636979e+01 1.23637112e+01 1.31470364e+01 1.31470377e+01 1.73619044e+01 1.73619411e+01 1.73676936e+01 2.74463341e+01 2.74463652e+01 2.74530631e+01 3.28147757e+01 4.62927527e+01 
306 -1.45367190e+01 -1.89840108e+00 -1.87721481e+00 -1.87720733e+00 3.23591669e+00 1.22549337e+01 1.23527224e+01 1.23527372e+01 1.31304406e+01 1.31304435e+01 1.74121401e+01 1.74121772e+01 1.74239323e+01 2.74366289e+01 2.74366600e+01 2.74519339e+01 3.28598274e+01 4.63185106e+01 
307 -1.45346684e+01 -1.91634153e+00 -1.87890762e+00 -1.87890013e+00 3.25992836e+00 1.21681646e+01 1.23360462e+01 1.23360628e+01 1.31100627e+01 1.31100677e+01 1.74807580e+01 1.74807957e+01 1.74988445e+01 2.74230595e+01 2.74230904e+01 2.74507331e+01 3.29226853e+01 4.63544214e+01 
308 -1.45320428e+01 -1.93909983e+00 -1.88107031e+00 -1.88106282e+00 3.29045653e+00 1.20614150e+01 1.23125202e+01 1.23125392e+01 1.30883928e+01 1.30884004e+01 1.75662539e+01 1.75662923e+01 1.75891668e+01 2.74056439e+01 2.74056747e+01 2.74498216e+01 3.30031524e+01 4.64003393e+01 
309 -1.45288503e+01 -1.96645884e+00 -1.88369271e+00 -1.88368523e+00 3.32725617e+00 1.19375079e+01 1.22809672e+01 1.22809886e+01 1.30680948e+01 1.30681051e+01 1.76669370e+01 1.76669762e+01 1.76913314e+01 2.73844062e+01 2.73844368e+01 2.74496382e+01 3.31009985e+01 4.64560832e+01 
310 -1.45251006e+01 -1.99816717e+00 -1.88676254e+00 -1.88675505e+00 3.37004089e+00 1.17992867e+01 1.22404559e+01 1.22404797e+01 1.30516246e+01 1.30516376e+01 1.77810400e+01 1.77810800e+01 1.78017247e+01 2.73593766e+01 2.73594070e+01 2.74506844e+01 3.32159757e+01 4.65214401e+01 
311 -1.45208054e+01 -2.03394589e+00 -1.89026548e+00 -1.89025799e+00 3.41848909e+00 1.16494846e+01 1.21905672e+01 1.21905931e+01 1.30408809e+01 1.30408963e+01 1.79068066e+01 1.79068476e+01 1.79168819e+01 2.73305921e+01 2.73306222e+01 2.74535087e+01 3.33478331e+01 4.65961695e+01 
312 -1.45159780e+01 -2.07349532e+00 -1.89418533e+00 -1.89417784e+00 3.47225005e+00 1.14906533e+01 1.21315307e+01 1.21315584e+01 1.30370113e+01 1.30370286e+01 1.80336140e+01 1.80425529e+01 1.80425949e+01 2.72980969e+01 2.72981267e+01 2.74586932e+01 3.34963303e+01 4.66800062e+01 
313 -1.45106332e+01 -2.11650144e+00 -1.89850408e+00 -1.89849658e+00 3.53094966e+00 1.13251349e+01 1.20641691e+01 1.20641980e+01 1.30404350e+01 1.30404538e+01 1.81490837e+01 1.81867043e+01 1.81867473e+01 2.72619435e+01 2.72619729e+01 2.74668417e+01 3.36612462e+01 4.67726632e+01 
314 -1.45047876e+01 -2.16264171e+00 -1.90320205e+00 -1.90319455e+00 3.59419541e+00 1.11550598e+01 1.19896989e+01 1.19897288e+01 1.30510275e+01 1.30510474e+01 1.82608387e+01 1.83378143e+01 1.83378583e+01 2.72221929e+01 2.72222220e+01 2.74785719e+01 3.38423815e+01 4.68738319e+01 
315 -1.44984594e+01 -2.21159032e+00 -1.90825803e+00 -1.90825054e+00 3.66158076e+00 1.09823569e+01 1.19094993e+01 1.19095297e+01 1.30683508e+01 1.30683713e+01 1.83668187e+01 1.84945703e+01 1.84946153e+01 2.71789159e+01 2.71789445e+01 2.74945104e+01 3.40395515e+01 4.69831798e+01 
316 -1.44916685e+01 -2.26302249e+00 -1.91364945e+00 -1.91364195e+00 3.73268848e+00 1.08087679e+01 1.18249315e+01 1.18249622e+01 1.30918404e+01 1.30918612e+01 1.84653421e+01 1.86557901e+01 1.86558361e+01 2.71321935e+01 2.71322216e+01 2.75152916e+01 3.42525682e+01 4.71003439e+01 
317 -1.44844361e+01 -2.31661807e+00 -1.91935244e+00 -1.91934494e+00 3.80709332e+00 1.06358612e+01 1.17372343e+01 1.17372652e+01 1.31209207e+01 1.31209417e+01 1.85550787e+01 1.88204145e+01 1.88204614e+01 2.70821180e+01 2.70821457e+01 2.75415578e+01 3.44812116e+01 4.72249183e+01 
318 -1.44767850e+01 -2.37206440e+00 -1.92534209e+00 -1.92533458e+00 3.88436376e+00 1.04650435e+01 1.16474824e+01 1.16475133e+01 1.31550605e+01 1.31550815e+01 1.86350165e+01 1.89874968e+01 1.89875445e+01 2.70287941e+01 2.70288211e+01 2.75739617e+01 3.47251875e+01 4.73564344e+01 
319 -1.44687396e+01 -2.42905836e+00 -1.93159252e+00 -1.93158501e+00 3.96406316e+00 1.02975699e+01 1.15565814e+01 1.15566123e+01 1.31937903e+01 1.31938112e+01 1.87044231e+01 1.91561914e+01 1.91562399e+01 2.69723390e+01 2.69723653e+01 2.76131674e+01 3.49840765e+01 4.74943298e+01 
320 -1.44603258e+01 -2.48730795e+00 -1.93807707e+00 -1.93806957e+00 4.04575034e+00 1.01345515e+01 1.14652834e+01 1.14653142e+01 1.32367002e+01 1.32367208e+01 1.87628070e+01 1.93257433e+01 1.93257925e+01 2.69128843e+01 2.69129099e+01 2.76598521e+01 3.52572733e+01 4.76379040e+01 
321 -1.44515708e+01 -2.54653325e+00 -1.94476845e+00 -1.94476095e+00 4.12897975e+00 9.97696375e+00 1.13742073e+01 1.13742381e+01 1.32834304e+01 1.32834507e+01 1.88098821e+01 1.94954769e+01 1.94955266e+01 2.68505760e+01 2.68506007e+01 2.77147035e+01 3.55439217e+01 4.77862570e+01 
322 -1.44425035e+01 -2.60646699e+00 -1.95163887e+00 -1.95163136e+00 4.21330147e+00 9.82565376e+00 1.12838613e+01 1.12838920e+01 1.33336594e+01 1.33336794e+01 1.88455347e+01 1.96647861e+01 1.96648363e+01 2.67855757e+01 2.67855995e+01 2.77784176e+01 3.58428485e+01 4.79382064e+01 
323 -1.44331539e+01 -2.66685477e+00 -1.95866018e+00 -1.95865267e+00 4.29826113e+00 9.68134869e+00 1.11946625e+01 1.11946931e+01 1.33870932e+01 1.33871128e+01 1.88697968e+01 1.98331256e+01 1.98331761e+01 2.67180613e+01 2.67180841e+01 2.78516919e+01 3.61525032e+01 4.80921796e+01 
324 -1.44235539e+01 -2.72745505e+00 -1.96580403e+00 -1.96579653e+00 4.38340007e+00 9.54466426e+00 1.11069538e+01 1.11069843e+01 1.34434558e+01 1.34434750e+01 1.88828243e+01 2.00000019e+01 2.00000526e+01 2.66482277e+01 2.66482493e+01 2.79352180e+01 3.64709090e+01 4.82460804e+01 
325 -1.44137363e+01 -2.78803886e+00 -1.97304198e+00 -1.97303448e+00 4.46825589e+00 9.41611349e+00 1.10210178e+01 1.10210483e+01 1.35024818e+01 1.35025006e+01 1.88848802e+01 2.01649660e+01 2.01650168e+01 2.65762870e+01 2.65763073e+01 2.80296735e+01 3.67956331e+01 4.83971290e+01 
326 -1.44037357e+01 -2.84838941e+00 -1.98034562e+00 -1.98033812e+00 4.55236371e+00 9.29611493e+00 1.09370885e+01 1.09371190e+01 1.35639103e+01 1.35639286e+01 1.88763226e+01 2.03276067e+01 2.03276573e+01 2.65024696e+01 2.65024886e+01 2.81357124e+01 3.71237857e+01 4.85416837e+01 
327 -1.43935880e+01 -2.90830167e+00 -1.98768669e+00 -1.98767919e+00 4.63525833e+00 9.18500010e+00 1.08553600e+01 1.08553904e+01 1.36274806e+01 1.36274984e+01 1.88575959e+01 2.04875440e+01 2.04875941e+01 2.64270243e+01 2.64270417e+01 2.82539570e+01 3.74520516e+01 4.86750590e+01 
328 -1.43833303e+01 -2.96758176e+00 -1.99503719e+00 -1.99502970e+00 4.71647752e+00 9.08301943e+00 1.07759941e+01 1.07760245e+01 1.36929285e+01 1.36929458e+01 1.88292245e+01 2.06444233e+01 2.06444729e+01 2.63502182e+01 2.63502339e+01 2.83849902e+01 3.77767621e+01 4.87913655e+01 
329 -1.43730012e+01 -3.02604641e+00 -2.00236947e+00 -2.00236198e+00 4.79556679e+00 8.99034625e+00 1.06991259e+01 1.06991563e+01 1.37599840e+01 1.37600008e+01 1.87918082e+01 2.07979112e+01 2.07979599e+01 2.62723372e+01 2.62723511e+01 2.85293495e+01 3.80940045e+01 4.88834129e+01 
330 -1.43626405e+01 -3.08352238e+00 -2.00965632e+00 -2.00964884e+00 4.87208557e+00 8.90707856e+00 1.06248687e+01 1.06248992e+01 1.38283692e+01 1.38283854e+01 1.87460185e+01 2.09476903e+01 2.09477379e+01 2.61936856e+01 2.61936975e+01 2.86875218e+01 3.83997638e+01 4.89427261e+01 
331 -1.43522889e+01 -3.13984592e+00 -2.01687106e+00 -2.01686359e+00 4.94561493e+00 8.83323859e+00 1.05533176e+01 1.05533480e+01 1.38977970e+01 1.38978125e+01 1.86925950e+01 2.10934561e+01 2.10935024e+01 2.61145861e+01 2.61145957e+01 2.88599394e+01 3.86900846e+01 4.89597310e+01 
332 -1.43419883e+01 -3.19486223e+00 -2.02398761e+00 -2.02398014e+00 5.01576666e+00 8.76877021e+00 1.04845521e+01 1.04845825e+01 1.39679703e+01 1.39679852e+01 1.86323414e+01 2.12349140e+01 2.12349586e+01 2.60353784e+01 2.60353855e+01 2.90469764e+01 3.89612344e+01 4.89241621e+01 
333 -1.43317813e+01 -3.24842498e+00 -2.03098055e+00 -2.03097308e+00 5.08219323e+00 8.71353486e+00 1.04186390e+01 1.04186695e+01 1.40385817e+01 1.40385960e+01 1.85661210e+01 2.13717766e+01 2.13718192e+01 2.59564188e+01 2.59564233e+01 2.92489444e+01 3.92098496e+01 4.88257157e+01 
334 -1.43217109e+01 -3.30039588e+00 -2.03782519e+00 -2.03781773e+00 5.14459809e+00 8.66730682e+00 1.03556340e+01 1.03556645e+01 1.41093131e+01 1.41093267e+01 1.84948509e+01 2.15037627e+01 2.15038030e+01 2.58780788e+01 2.58780803e+01 2.94660869e+01 3.94330485e+01 4.86549312e+01 
335 -1.43118204e+01 -3.35064427e+00 -2.04449764e+00 -2.04449019e+00 5.20274532e+00 8.62976879e+00 1.02955834e+01 1.02956139e+01 1.41798361e+01 1.41798491e+01 1.84194946e+01 2.16305966e+01 2.16306342e+01 2.58007408e+01 2.58007426e+01 2.96985724e+01 3.96284989e+01 4.84042248e+01 
336 -1.43021527e+01 -3.39904680e+00 -2.05097484e+00 -2.05096740e+00 5.25646772e+00 8.60050922e+00 1.02385251e+01 1.02385557e+01 1.42498125e+01 1.42498249e+01 1.83410528e+01 2.17520080e+01 2.17520427e+01 2.57247997e+01 2.57248049e+01 2.99464837e+01 3.97944404e+01 4.80689393e+01 
337 -1.42927501e+01 -3.44548715e+00 -2.05723462e+00 -2.05722718e+00 5.30567234e+00 8.57902234e+00 1.01844900e+01 1.01845207e+01 1.43188951e+01 1.43189068e+01 1.82605522e+01 2.18677339e+01 2.18677652e+01 2.56506586e+01 2.56506677e+01 3.02098037e+01 3.99296659e+01 4.76482365e+01 
338 -1.42836538e+01 -3.48985577e+00 -2.06325573e+00 -2.06324831e+00 5.35034256e+00 8.56471207e+00 1.01335028e+01 1.01335335e+01 1.43867287e+01 1.43867397e+01 1.81790314e+01 2.19775203e+01 2.19775477e+01 2.55787222e+01 2.55787355e+01 3.04883975e+01 4.00334732e+01 4.71456560e+01 
339 -1.42749035e+01 -3.53204973e+00 -2.06901793e+00 -2.06901051e+00 5.39053637e+00 8.55690009e+00 1.00855827e+01 1.00856134e+01 1.44529518e+01 1.44529621e+01 1.80975252e+01 2.20811257e+01 2.20811490e+01 2.55093932e+01 2.55094108e+01 3.07819891e+01 4.01055999e+01 4.65692120e+01 
340 -1.42665370e+01 -3.57197254e+00 -2.07450195e+00 -2.07449453e+00 5.42638070e+00 8.55483816e+00 1.00407441e+01 1.00407749e+01 1.45171981e+01 1.45172077e+01 1.80170461e+01 2.21783259e+01 2.21783446e+01 2.54430654e+01 2.54430878e+01 3.10901338e+01 4.01461505e+01 4.59309870e+01 
341 -1.42585900e+01 -3.60953408e+00 -2.07968959e+00 -2.07968219e+00 5.45806246e+00 8.55772407e+00 9.99899739e+00 9.99902822e+00 1.45790991e+01 1.45791080e+01 1.79385655e+01 2.22689186e+01 2.22689325e+01 2.53801173e+01 2.53801448e+01 3.14121848e+01 4.01555219e+01 4.52462888e+01 
342 -1.42510959e+01 -3.64465047e+00 -2.08456375e+00 -2.08455635e+00 5.48581690e+00 8.56472012e+00 9.96034955e+00 9.96038041e+00 1.46382863e+01 1.46382945e+01 1.78629942e+01 2.23527303e+01 2.23527391e+01 2.53209042e+01 2.53209369e+01 3.17472536e+01 4.01343187e+01 4.45325334e+01 
343 -1.42440855e+01 -3.67724407e+00 -2.08910841e+00 -2.08910102e+00 5.50991451e+00 8.57497292e+00 9.92480448e+00 9.92483539e+00 1.46943943e+01 1.46944019e+01 1.77911643e+01 2.24296222e+01 2.24296255e+01 2.52657489e+01 2.52657871e+01 3.20941641e+01 4.00832400e+01 4.38080748e+01 
344 -1.42375874e+01 -3.70724342e+00 -2.09330874e+00 -2.09330135e+00 5.53064743e+00 8.58763317e+00 9.89236374e+00 9.89239468e+00 1.47470642e+01 1.47470712e+01 1.77238144e+01 2.24994942e+01 2.24994964e+01 2.52149344e+01 2.52149782e+01 3.24513960e+01 4.00028815e+01 4.30912340e+01 
345 -1.42316276e+01 -3.73458323e+00 -2.09715107e+00 -2.09714369e+00 5.54831648e+00 8.60187438e+00 9.86302691e+00 9.86305788e+00 1.47959473e+01 1.47959537e+01 1.76615788e+01 2.25622934e+01 2.25623012e+01 2.51686958e+01 2.51687453e+01 3.28170125e+01 3.98933480e+01 4.23997851e+01 
346 -1.42262298e+01 -3.75920437e+00 -2.10062293e+00 -2.10061556e+00 5.56321935e+00 8.61690965e+00 9.83679212e+00 9.83682312e+00 1.48407093e+01 1.48407151e+01 1.76049816e+01 2.26180204e+01 2.26180337e+01 2.51272152e+01 2.51272702e+01 3.31885571e+01 3.97534861e+01 4.17511758e+01 
347 -1.42214152e+01 -3.78105389e+00 -2.10371311e+00 -2.10370574e+00 5.57564060e+00 8.63200602e+00 9.81365645e+00 9.81368746e+00 1.48810342e+01 1.48810396e+01 1.75544376e+01 2.26667211e+01 2.26667399e+01 2.50906183e+01 2.50906786e+01 3.35628935e+01 3.95795916e+01 4.11636674e+01 
348 -1.42172029e+01 -3.80008499e+00 -2.10641164e+00 -2.10640427e+00 5.58584355e+00 8.64649632e+00 9.79361630e+00 9.79364734e+00 1.49166293e+01 1.49166342e+01 1.75102586e+01 2.27084865e+01 2.27085103e+01 2.50589761e+01 2.50590414e+01 3.39359248e+01 3.93644786e+01 4.06575190e+01 
349 -1.42136096e+01 -3.81625708e+00 -2.10870983e+00 -2.10870247e+00 5.59406411e+00 8.65978845e+00 9.77666781e+00 9.77669887e+00 1.49472293e+01 1.49472339e+01 1.74726646e+01 2.27434435e+01 2.27434719e+01 2.50323101e+01 2.50323800e+01 3.43020677e+01 3.91016683e+01 4.02515131e+01 
350 -1.42106496e+01 -3.82953577e+00 -2.11060029e+00 -2.11059294e+00 5.60050636e+00 8.67137249e+00 9.76280714e+00 9.76283821e+00 1.49726010e+01 1.49726052e+01 1.74417994e+01 2.27717427e+01 2.27717750e+01 2.50106019e+01 2.50106757e+01 3.46532176e+01 3.87994705e+01 3.99502306e+01 
351 -1.42083347e+01 -3.83989289e+00 -2.11207698e+00 -2.11206962e+00 5.60533963e+00 8.68082584e+00 9.75203074e+00 9.75206182e+00 1.49925468e+01 1.49925507e+01 1.74177477e+01 2.27935420e+01 2.27935776e+01 2.49938062e+01 2.49938832e+01 3.49767126e+01 3.84887821e+01 3.97386684e+01 
352 -1.42066745e+01 -3.84730651e+00 -2.11313514e+00 -2.11312779e+00 5.60869668e+00 8.68781685e+00 9.74433561e+00 9.74436671e+00 1.50069092e+01 1.50069130e+01 1.74005527e+01 2.28089893e+01 2.28090273e+01 2.49818660e+01 2.49819454e+01 3.52517072e+01 3.82116310e+01 3.95976995e+01 
353 -1.42056756e+01 -3.85176096e+00 -2.11377140e+00 -2.11376405e+00 5.61067274e+00 8.69210715e+00 9.73971948e+00 9.73975058e+00 1.50155733e+01 1.50155770e+01 1.73902324e+01 2.28182050e+01 2.28182445e+01 2.49747274e+01 2.49748082e+01 3.54451295e+01 3.80136643e+01 3.95159589e+01 
