0 2.28566165e-02 2.28566165e-02 2.28566165e-02 -2.49856927e-04 -2.49856927e-04 -2.49856927e-04 000-100
1 2.28639349e-02 2.28542810e-02 2.28542810e-02 3.55159857e-04 -1.95110292e-04 -1.95110292e-04 
2 2.28858295e-02 2.28472831e-02 2.28472831e-02 8.31312463e-04 1.87270441e-04 1.87270441e-04 
3 2.29221196e-02 2.28356488e-02 2.28356488e-02 1.27676419e-03 3.96429176e-04 3.96429176e-04 
4 2.29725068e-02 2.28194212e-02 2.28194212e-02 1.71450197e-03 5.73123115e-04 5.73123115e-04 
5 2.30365792e-02 2.27986605e-02 2.27986605e-02 2.14803040e-03 7.41214966e-04 7.41214966e-04 
6 2.31138167e-02 2.27734438e-02 2.27734438e-02 2.57818827e-03 9.05777888e-04 9.05777888e-04 
7 2.32035986e-02 2.27438644e-02 2.27438644e-02 3.00509628e-03 1.06871686e-03 1.06871686e-03 
8 2.33052111e-02 2.27100321e-02 2.27100321e-02 3.42861911e-03 1.23094943e-03 1.23094943e-03 
9 2.34178563e-02 2.26720723e-02 2.26720723e-02 3.84851665e-03 1.39299092e-03 1.39299092e-03 
10 2.35406621e-02 2.26301256e-02 2.26301256e-02 4.26450443e-03 1.55516292e-03 1.55516292e-03 
11 2.36726920e-02 2.25843473e-02 2.25843473e-02 4.67628156e-03 1.71768150e-03 1.71768150e-03 
12 2.38129556e-02 2.25349070e-02 2.25349070e-02 5.08354505e-03 1.88069910e-03 1.88069910e-03 
13 2.39604188e-02 2.24819875e-02 2.24819875e-02 5.48599797e-03 2.04432611e-03 2.04432611e-03 
14 2.41140140e-02 2.24257844e-02 2.24257844e-02 5.88335438e-03 2.20864289e-03 2.20864289e-03 
15 2.42726499e-02 2.23665051e-02 2.23665051e-02 6.27534249e-03 2.37370663e-03 2.37370663e-03 
16 2.44352212e-02 2.23043681e-02 2.23043681e-02 6.66170694e-03 2.53955563e-03 2.53955563e-03 
17 2.46006173e-02 2.22396020e-02 2.22396020e-02 7.04221028e-03 2.70621191e-03 2.70621191e-03 
18 2.47677303e-02 2.21724447e-02 2.21724447e-02 7.41663419e-03 2.87368302e-03 2.87368302e-03 
19 2.49354632e-02 2.21031419e-02 2.21031419e-02 7.78478030e-03 3.04196322e-03 3.04196322e-03 
20 2.51027366e-02 2.20319467e-02 2.20319467e-02 8.14647087e-03 3.21103439e-03 3.21103439e-03 
21 2.52684948e-02 2.19591179e-02 2.19591179e-02 8.50154932e-03 3.38086676e-03 3.38086676e-03 
22 2.54317118e-02 2.18849193e-02 2.18849193e-02 8.84988057e-03 3.55141945e-03 3.55141945e-03 
23 2.55913955e-02 2.18096181e-02 2.18096181e-02 9.19135137e-03 3.72264099e-03 3.72264099e-03 
24 2.57465929e-02 2.17334839e-02 2.17334839e-02 9.52587046e-03 3.89446986e-03 3.89446986e-03 
25 2.58963933e-02 2.16567874e-02 2.16567874e-02 9.85336869e-03 4.06683492e-03 4.06683492e-03 
26 2.60399311e-02 2.15797990e-02 2.15797990e-02 1.01737991e-02 4.23965591e-03 4.23965591e-03 
27 2.61763894e-02 2.15027878e-02 2.15027878e-02 1.04871367e-02 4.41284397e-03 4.41284397e-03 
28 2.63050012e-02 2.14260200e-02 2.14260200e-02 1.07933787e-02 4.58630209e-03 4.58630209e-03 
29 2.64250516e-02 2.13497575e-02 2.13497575e-02 1.10925440e-02 4.75992572e-03 4.75992572e-03 
30 2.65358794e-02 2.12742569e-02 2.12742569e-02 1.13846729e-02 4.93360327e-03 4.93360327e-03 
31 2.66368773e-02 2.11997682e-02 2.11997682e-02 1.16698270e-02 5.10721667e-03 5.10721667e-03 
32 2.67274936e-02 2.11265334e-02 2.11265334e-02 1.19480884e-02 5.28064199e-03 5.28064199e-03 
33 2.68072319e-02 2.10547851e-02 2.10547851e-02 1.22195595e-02 5.45375007e-03 5.45375007e-03 
34 2.68756513e-02 2.09847458e-02 2.09847458e-02 1.24843621e-02 5.62640708e-03 5.62640708e-03 
35 2.69323669e-02 2.09166265e-02 2.09166265e-02 1.27426365e-02 5.79847517e-03 5.79847517e-03 
36 2.69770488e-02 2.08506256e-02 2.08506256e-02 1.29945410e-02 5.96981318e-03 5.96981318e-03 
37 2.70094225e-02 2.07869279e-02 2.07869279e-02 1.32402507e-02 6.14027720e-03 6.14027720e-03 
38 2.70292674e-02 2.07257042e-02 2.07257042e-02 1.34799565e-02 6.30972131e-03 6.30972131e-03 
39 2.70364167e-02 2.06671098e-02 2.06671098e-02 1.37138636e-02 6.47799821e-03 6.47799821e-03 
40 2.70307565e-02 2.06112843e-02 2.06112843e-02 1.39421906e-02 6.64495990e-03 6.64495990e-03 
41 2.70122243e-02 2.05583508e-02 2.05583508e-02 1.41651679e-02 6.81045832e-03 6.81045832e-03 
42 2.69808085e-02 2.05084156e-02 2.05084156e-02 1.43830362e-02 6.97434605e-03 6.97434605e-03 
43 2.69365469e-02 2.04615678e-02 2.04615678e-02 1.45960446e-02 7.13647693e-03 7.13647693e-03 
44 2.68795255e-02 2.04178790e-02 2.04178790e-02 1.48044493e-02 7.29670669e-03 7.29670669e-03 
45 2.68098768e-02 2.03774034e-02 2.03774034e-02 1.50085117e-02 7.45489360e-03 7.45489360e-03 
46 2.67277790e-02 2.03401776e-02 2.03401776e-02 1.52084962e-02 7.61089909e-03 7.61089909e-03 
47 2.66334538e-02 2.03062210e-02 2.03062210e-02 1.54046688e-02 7.76458829e-03 7.76458829e-03 
48 2.65271650e-02 2.02755361e-02 2.02755361e-02 1.55972945e-02 7.91583062e-03 7.91583062e-03 
49 2.64092169e-02 2.02481088e-02 2.02481088e-02 1.57866359e-02 8.06450032e-03 8.06450032e-03 
50 2.62799527e-02 2.02239089e-02 2.02239089e-02 1.59729507e-02 8.21047697e-03 8.21047697e-03 
51 2.61397521e-02 2.02028909e-02 2.02028909e-02 1.61564900e-02 8.35364591e-03 8.35364591e-03 
52 2.59890301e-02 2.01849949e-02 2.01849949e-02 1.63374961e-02 8.49389875e-03 8.49389875e-03 
53 2.58282345e-02 2.01701469e-02 2.01701469e-02 1.65162005e-02 8.63113370e-03 8.63113370e-03 
54 2.56578443e-02 2.01582605e-02 2.01582605e-02 1.66928223e-02 8.76525598e-03 8.76525598e-03 
55 2.54783674e-02 2.01492372e-02 2.01492372e-02 1.68675659e-02 8.89617810e-03 8.89617810e-03 
56 2.52903385e-02 2.01429679e-02 2.01429679e-02 1.70406198e-02 9.02382016e-03 9.02382016e-03 
57 2.50943172e-02 2.01393338e-02 2.01393338e-02 1.72121545e-02 9.14811009e-03 9.14811009e-03 
58 2.48908854e-02 2.01382079e-02 2.01382079e-02 1.73823213e-02 9.26898378e-03 9.26898378e-03 
59 2.46806456e-02 2.01394555e-02 2.01394555e-02 1.75512508e-02 9.38638521e-03 9.38638521e-03 
60 2.44642178e-02 2.01429360e-02 2.01429360e-02 1.77190522e-02 9.50026684e-03 9.50026684e-03 
61 2.42422381e-02 2.01485040e-02 2.01485040e-02 1.78858113e-02 9.61058919e-03 9.61058919e-03 
62 2.40153561e-02 2.01560100e-02 2.01560100e-02 1.80515907e-02 9.71732112e-03 9.71732112e-03 
63 2.37842318e-02 2.01653022e-02 2.01653022e-02 1.82164286e-02 9.82043998e-03 9.82043998e-03 
64 2.35495346e-02 2.01762270e-02 2.01762270e-02 1.83803384e-02 9.91993112e-03 9.91993112e-03 
65 2.33119404e-02 2.01886306e-02 2.01886306e-02 1.85433083e-02 1.00157880e-02 1.00157880e-02 
66 2.30721290e-02 2.02023593e-02 2.02023593e-02 1.87053012e-02 1.01080124e-02 1.01080124e-02 
67 2.28307828e-02 2.02172613e-02 2.02172613e-02 1.88662543e-02 1.01966134e-02 1.01966134e-02 
68 2.25885851e-02 2.02331868e-02 2.02331868e-02 1.90260790e-02 1.02816078e-02 1.02816078e-02 
69 2.23462182e-02 2.02499894e-02 2.02499894e-02 1.91846600e-02 1.03630200e-02 1.03630200e-02 
70 2.21043645e-02 2.02675262e-02 2.02675262e-02 1.93418540e-02 1.04408812e-02 1.04408812e-02 
71 2.18637083e-02 2.02856591e-02 2.02856591e-02 1.94974857e-02 1.05152292e-02 1.05152292e-02 
72 2.16249435e-02 2.03042548e-02 2.03042548e-02 1.96513388e-02 1.05861083e-02 1.05861083e-02 
73 2.13887958e-02 2.03231857e-02 2.03231857e-02 1.98031336e-02 1.06535690e-02 1.06535690e-02 
74 2.11560899e-02 2.03423298e-02 2.03423298e-02 1.99524589e-02 1.07176671e-02 1.07176671e-02 
75 2.09279964e-02 2.03615717e-02 2.03615717e-02 2.00985243e-02 1.07784636e-02 1.07784636e-02 
76 2.07074111e-02 2.03808021e-02 2.03808021e-02 2.02387810e-02 1.08360244e-02 1.08360244e-02 
77 2.05186767e-02 2.03999184e-02 2.03999184e-02 2.03492002e-02 1.08904196e-02 1.08904196e-02 
78 2.05528862e-02 2.04188248e-02 2.04188248e-02 2.02389698e-02 1.09417228e-02 1.09417228e-02 
79 2.06795080e-02 2.04374321e-02 2.04374321e-02 2.00388693e-02 1.09900112e-02 1.09900112e-02 
80 2.08096338e-02 2.04556578e-02 2.04556578e-02 1.98380235e-02 1.10353643e-02 1.10353643e-02 
81 2.09375531e-02 2.04734258e-02 2.04734258e-02 1.96423287e-02 1.10778641e-02 1.10778641e-02 
82 2.10619943e-02 2.04906667e-02 2.04906667e-02 1.94532117e-02 1.11175939e-02 1.11175939e-02 
83 2.11823644e-02 2.05073170e-02 2.05073170e-02 1.92713932e-02 1.11546380e-02 1.11546380e-02 
84 2.12982544e-02 2.05233195e-02 2.05233195e-02 1.90973825e-02 1.11890814e-02 1.11890814e-02 
85 2.14093252e-02 2.05386224e-02 2.05386224e-02 1.89315942e-02 1.12210084e-02 1.12210084e-02 
86 2.15152711e-02 2.05531795e-02 2.05531795e-02 1.87743864e-02 1.12505030e-02 1.12505030e-02 
87 2.16158075e-02 2.05669497e-02 2.05669497e-02 1.86260754e-02 1.12776474e-02 1.12776474e-02 
88 2.17106653e-02 2.05798966e-02 2.05798966e-02 1.84869431e-02 1.13025221e-02 1.13025221e-02 
89 2.17995902e-02 2.05919882e-02 2.05919882e-02 1.83572407e-02 1.13252049e-02 1.13252049e-02 
90 2.18823420e-02 2.06031967e-02 2.06031967e-02 1.82371917e-02 1.13457705e-02 1.13457705e-02 
91 2.19586952e-02 2.06134979e-02 2.06134979e-02 1.81269935e-02 1.13642898e-02 1.13642898e-02 
92 2.20284399e-02 2.06228710e-02 2.06228710e-02 1.80268196e-02 1.13808297e-02 1.13808297e-02 
93 2.20913830e-02 2.06312984e-02 2.06312984e-02 1.79368211e-02 1.13954523e-02 1.13954523e-02 
94 2.21473484e-02 2.06387652e-02 2.06387652e-02 1.78571282e-02 1.14082145e-02 1.14082145e-02 
95 2.21961786e-02 2.06452589e-02 2.06452589e-02 1.77878517e-02 1.14191675e-02 1.14191675e-02 
96 2.22377353e-02 2.06507695e-02 2.06507695e-02 1.77290845e-02 1.14283566e-02 1.14283566e-02 
97 2.22719001e-02 2.06552885e-02 2.06552885e-02 1.76809029e-02 1.14358208e-02 1.14358208e-02 
98 2.22985751e-02 2.06588097e-02 2.06588097e-02 1.76433673e-02 1.14415923e-02 1.14415923e-02 
99 2.23176838e-02 2.06613282e-02 2.06613282e-02 1.76165240e-02 1.14456965e-02 1.14456965e-02 
100 2.23291711e-02 2.06628405e-02 2.06628405e-02 1.76004053e-02 1.14481517e-02 1.14481517e-02 
101 2.23330039e-02 2.06633449e-02 2.06633449e-02 1.75950302e-02 1.14489689e-02 1.14489689e-02 100-110
102 2.23323838e-02 2.06634997e-02 2.06634586e-02 1.75942918e-02 1.14528054e-02 1.14524579e-02 
103 2.23305246e-02 2.06639563e-02 2.06638007e-02 1.75920772e-02 1.14643056e-02 1.14629079e-02 
104 2.23274291e-02 2.06646909e-02 2.06643740e-02 1.75883886e-02 1.14834417e-02 1.14802688e-02 
105 2.23231025e-02 2.06656640e-02 2.06651829e-02 1.75832296e-02 1.15101672e-02 1.15044575e-02 
106 2.23175518e-02 2.06668211e-02 2.06662339e-02 1.75766054e-02 1.15444177e-02 1.15353589e-02 
107 2.23107858e-02 2.06680926e-02 2.06675350e-02 1.75685221e-02 1.15861104e-02 1.15728278e-02 
108 2.23028157e-02 2.06693947e-02 2.06690960e-02 1.75589871e-02 1.16351451e-02 1.16166900e-02 
109 2.22936544e-02 2.06709283e-02 2.06706301e-02 1.75480092e-02 1.16914044e-02 1.16667448e-02 
110 2.22833166e-02 2.06730449e-02 2.06716886e-02 1.75355974e-02 1.17547538e-02 1.17227669e-02 
111 2.22718194e-02 2.06754602e-02 2.06724482e-02 1.75217622e-02 1.18250425e-02 1.17845089e-02 
112 2.22591813e-02 2.06781899e-02 2.06727760e-02 1.75065139e-02 1.19021040e-02 1.18517041e-02 
113 2.22454231e-02 2.06812510e-02 2.06725295e-02 1.74898637e-02 1.19857562e-02 1.19240689e-02 
114 2.22305672e-02 2.06846618e-02 2.06715577e-02 1.74718227e-02 1.20758023e-02 1.20013055e-02 
115 2.22146381e-02 2.06884415e-02 2.06697022e-02 1.74524017e-02 1.21720311e-02 1.20831047e-02 
116 2.21976617e-02 2.06926101e-02 2.06667989e-02 1.74316116e-02 1.22742174e-02 1.21691485e-02 
117 2.21796662e-02 2.06971885e-02 2.06626793e-02 1.74094623e-02 1.23821229e-02 1.22591129e-02 
118 2.21606810e-02 2.07021982e-02 2.06571718e-02 1.73859631e-02 1.24954961e-02 1.23526697e-02 
119 2.21407377e-02 2.07076611e-02 2.06501038e-02 1.73611222e-02 1.26140729e-02 1.24494894e-02 
120 2.21198692e-02 2.07135994e-02 2.06413027e-02 1.73349464e-02 1.27375770e-02 1.25492431e-02 
121 2.20981102e-02 2.07200356e-02 2.06305981e-02 1.73074412e-02 1.28657203e-02 1.26516046e-02 
122 2.20754969e-02 2.07269920e-02 2.06178234e-02 1.72786101e-02 1.29982026e-02 1.27562521e-02 
123 2.20520669e-02 2.07344910e-02 2.06028175e-02 1.72484547e-02 1.31347122e-02 1.28628698e-02 
124 2.20278594e-02 2.07425544e-02 2.05854270e-02 1.72169746e-02 1.32749255e-02 1.29711495e-02 
125 2.20029150e-02 2.07512038e-02 2.05655077e-02 1.71841667e-02 1.34185075e-02 1.30807915e-02 
126 2.19772753e-02 2.07604599e-02 2.05429275e-02 1.71500259e-02 1.35651106e-02 1.31915065e-02 
127 2.19509834e-02 2.07703428e-02 2.05175678e-02 1.71145440e-02 1.37143751e-02 1.33030154e-02 
128 2.19240836e-02 2.07808716e-02 2.04893266e-02 1.70777105e-02 1.38659279e-02 1.34150514e-02 
129 2.18966211e-02 2.07920643e-02 2.04581205e-02 1.70395116e-02 1.40193818e-02 1.35273593e-02 
130 2.18686421e-02 2.08039376e-02 2.04238882e-02 1.69999312e-02 1.41743344e-02 1.36396972e-02 
131 2.18401936e-02 2.08165068e-02 2.03865934e-02 1.69589499e-02 1.43303663e-02 1.37518362e-02 
132 2.18113237e-02 2.08297859e-02 2.03462284e-02 1.69165457e-02 1.44870390e-02 1.38635608e-02 
133 2.17820807e-02 2.08437869e-02 2.03028186e-02 1.68726937e-02 1.46438924e-02 1.39746692e-02 
134 2.17525139e-02 2.08585203e-02 2.02564268e-02 1.68273663e-02 1.48004411e-02 1.40849734e-02 
135 2.17226726e-02 2.08739947e-02 2.02071596e-02 1.67805336e-02 1.49561704e-02 1.41942991e-02 
136 2.16926067e-02 2.08902164e-02 2.01551735e-02 1.67321629e-02 1.51105304e-02 1.43024855e-02 
137 2.16623662e-02 2.09071899e-02 2.01006835e-02 1.66822197e-02 1.52629298e-02 1.44093855e-02 
138 2.16320011e-02 2.09249175e-02 2.00439717e-02 1.66306673e-02 1.54127275e-02 1.45148652e-02 
139 2.16015613e-02 2.09433991e-02 1.99853991e-02 1.65774676e-02 1.55592225e-02 1.46188039e-02 
140 2.15710965e-02 2.09626324e-02 1.99254181e-02 1.65225811e-02 1.57016421e-02 1.47210934e-02 
141 2.15406560e-02 2.09826125e-02 1.98645874e-02 1.64659672e-02 1.58391284e-02 1.48216380e-02 
142 2.15102886e-02 2.10033323e-02 1.98035874e-02 1.64075849e-02 1.59707234e-02 1.49203540e-02 
143 2.14800423e-02 2.10247822e-02 1.97432361e-02 1.63473930e-02 1.60953538e-02 1.50171691e-02 
144 2.14499645e-02 2.10469499e-02 1.96845027e-02 1.62853507e-02 1.62118189e-02 1.51120221e-02 
145 2.14201013e-02 2.10698209e-02 1.96285143e-02 1.63187837e-02 1.62214179e-02 1.52048625e-02 
146 2.13904979e-02 2.10933780e-02 1.95765499e-02 1.64147862e-02 1.61555558e-02 1.52956496e-02 
147 2.13611981e-02 2.11176015e-02 1.95300129e-02 1.64982652e-02 1.60877276e-02 1.53843526e-02 
148 2.13322445e-02 2.11424695e-02 1.94903723e-02 1.65676190e-02 1.60178987e-02 1.54709492e-02 
149 2.13036779e-02 2.11679574e-02 1.94590677e-02 1.66213020e-02 1.59460375e-02 1.55554257e-02 
150 2.12755375e-02 2.11940383e-02 1.94373774e-02 1.66579559e-02 1.58721161e-02 1.56377762e-02 
151 2.12478608e-02 2.12206833e-02 1.94262700e-02 1.66765584e-02 1.57961106e-02 1.57180019e-02 
152 2.12478608e-02 2.12206833e-02 1.94262700e-02 1.66765584e-02 1.57961106e-02 1.57180019e-02 
153 2.12755375e-02 2.11940383e-02 1.94373774e-02 1.66579559e-02 1.58721161e-02 1.56377762e-02 
154 2.13036779e-02 2.11679574e-02 1.94590677e-02 1.66213021e-02 1.59460375e-02 1.55554257e-02 
155 2.13322445e-02 2.11424695e-02 1.94903723e-02 1.65676190e-02 1.60178987e-02 1.54709492e-02 
156 2.13611981e-02 2.11176015e-02 1.95300129e-02 1.64982652e-02 1.60877276e-02 1.53843526e-02 
157 2.13904979e-02 2.10933780e-02 1.95765499e-02 1.64147862e-02 1.61555558e-02 1.52956496e-02 
158 2.14201013e-02 2.10698209e-02 1.96285143e-02 1.63187837e-02 1.62214179e-02 1.52048625e-02 
159 2.14499645e-02 2.10469499e-02 1.96845027e-02 1.62853507e-02 1.62118188e-02 1.51120221e-02 
160 2.14800423e-02 2.10247822e-02 1.97432360e-02 1.63473930e-02 1.60953539e-02 1.50171691e-02 
161 2.15102886e-02 2.10033323e-02 1.98035874e-02 1.64075849e-02 1.59707234e-02 1.49203540e-02 
162 2.15406560e-02 2.09826125e-02 1.98645874e-02 1.64659672e-02 1.58391284e-02 1.48216380e-02 
163 2.15710965e-02 2.09626324e-02 1.99254181e-02 1.65225811e-02 1.57016422e-02 1.47210935e-02 
164 2.16015613e-02 2.09433991e-02 1.99853991e-02 1.65774676e-02 1.55592225e-02 1.46188039e-02 
165 2.16320011e-02 2.09249175e-02 2.00439717e-02 1.66306673e-02 1.54127275e-02 1.45148652e-02 
166 2.16623662e-02 2.09071899e-02 2.01006835e-02 1.66822197e-02 1.52629298e-02 1.44093855e-02 
167 2.16926067e-02 2.08902164e-02 2.01551735e-02 1.67321629e-02 1.51105304e-02 1.43024855e-02 
168 2.17226726e-02 2.08739947e-02 2.02071596e-02 1.67805336e-02 1.49561703e-02 1.41942991e-02 
169 2.17525139e-02 2.08585203e-02 2.02564268e-02 1.68273663e-02 1.48004412e-02 1.40849735e-02 
170 2.17820807e-02 2.08437869e-02 2.03028186e-02 1.68726937e-02 1.46438924e-02 1.39746693e-02 
171 2.18113237e-02 2.08297859e-02 2.03462285e-02 1.69165457e-02 1.44870390e-02 1.38635608e-02 
172 2.18401937e-02 2.08165068e-02 2.03865934e-02 1.69589499e-02 1.43303662e-02 1.37518362e-02 
173 2.18686421e-02 2.08039376e-02 2.04238882e-02 1.69999312e-02 1.41743344e-02 1.36396973e-02 
174 2.18966211e-02 2.07920643e-02 2.04581205e-02 1.70395116e-02 1.40193818e-02 1.35273593e-02 
175 2.19240836e-02 2.07808716e-02 2.04893266e-02 1.70777105e-02 1.38659278e-02 1.34150513e-02 
176 2.19509834e-02 2.07703428e-02 2.05175678e-02 1.71145440e-02 1.37143751e-02 1.33030155e-02 
177 2.19772753e-02 2.07604599e-02 2.05429275e-02 1.71500259e-02 1.35651106e-02 1.31915065e-02 
178 2.20029150e-02 2.07512038e-02 2.05655077e-02 1.71841667e-02 1.34185075e-02 1.30807915e-02 
179 2.20278594e-02 2.07425544e-02 2.05854270e-02 1.72169746e-02 1.32749256e-02 1.29711495e-02 
180 2.20520669e-02 2.07344910e-02 2.06028175e-02 1.72484547e-02 1.31347122e-02 1.28628698e-02 
181 2.20754969e-02 2.07269920e-02 2.06178234e-02 1.72786101e-02 1.29982026e-02 1.27562521e-02 
182 2.20981102e-02 2.07200356e-02 2.06305981e-02 1.73074412e-02 1.28657203e-02 1.26516046e-02 
183 2.21198692e-02 2.07135994e-02 2.06413027e-02 1.73349464e-02 1.27375770e-02 1.25492431e-02 
184 2.21407377e-02 2.07076611e-02 2.06501038e-02 1.73611222e-02 1.26140728e-02 1.24494894e-02 
185 2.21606810e-02 2.07021982e-02 2.06571718e-02 1.73859631e-02 1.24954960e-02 1.23526696e-02 
186 2.21796662e-02 2.06971885e-02 2.06626793e-02 1.74094623e-02 1.23821229e-02 1.22591129e-02 
187 2.21976617e-02 2.06926101e-02 2.06667989e-02 1.74316116e-02 1.22742174e-02 1.21691485e-02 
188 2.22146381e-02 2.06884415e-02 2.06697022e-02 1.74524017e-02 1.21720311e-02 1.20831047e-02 
189 2.22305672e-02 2.06846618e-02 2.06715577e-02 1.74718227e-02 1.20758023e-02 1.20013055e-02 
190 2.22454231e-02 2.06812510e-02 2.06725295e-02 1.74898637e-02 1.19857562e-02 1.19240689e-02 
191 2.22591813e-02 2.06781899e-02 2.06727760e-02 1.75065139e-02 1.19021040e-02 1.18517041e-02 
192 2.22718194e-02 2.06754602e-02 2.06724482e-02 1.75217622e-02 1.18250425e-02 1.17845089e-02 
193 2.22833166e-02 2.06730449e-02 2.06716886e-02 1.75355974e-02 1.17547538e-02 1.17227669e-02 
194 2.22936544e-02 2.06709283e-02 2.06706301e-02 1.75480092e-02 1.16914044e-02 1.16667448e-02 
195 2.23028157e-02 2.06693947e-02 2.06690960e-02 1.75589872e-02 1.16351451e-02 1.16166900e-02 
196 2.23107858e-02 2.06680926e-02 2.06675350e-02 1.75685221e-02 1.15861104e-02 1.15728278e-02 
197 2.23175518e-02 2.06668211e-02 2.06662339e-02 1.75766054e-02 1.15444177e-02 1.15353589e-02 
198 2.23231025e-02 2.06656640e-02 2.06651829e-02 1.75832296e-02 1.15101672e-02 1.15044575e-02 
199 2.23274291e-02 2.06646909e-02 2.06643740e-02 1.75883886e-02 1.14834417e-02 1.14802688e-02 
200 2.23305246e-02 2.06639563e-02 2.06638007e-02 1.75920772e-02 1.14643056e-02 1.14629079e-02 
201 2.23323838e-02 2.06634997e-02 2.06634586e-02 1.75942918e-02 1.14528054e-02 1.14524579e-02 
202 2.23330039e-02 2.06633449e-02 2.06633449e-02 1.75950302e-02 1.14489689e-02 1.14489689e-02 110-000
203 2.23317644e-02 2.06662606e-02 2.06609644e-02 1.75935533e-02 1.14622501e-02 1.14503304e-02 
204 2.23280553e-02 2.06749686e-02 2.06538241e-02 1.75891244e-02 1.15019199e-02 1.14544393e-02 
205 2.23219054e-02 2.06893523e-02 2.06419284e-02 1.75817483e-02 1.15674634e-02 1.14613676e-02 
206 2.23133619e-02 2.07092197e-02 2.06252841e-02 1.75714333e-02 1.16580469e-02 1.14712335e-02 
207 2.23024895e-02 2.07343060e-02 2.06039012e-02 1.75581902e-02 1.17725512e-02 1.14841975e-02 
208 2.22893699e-02 2.07642788e-02 2.05777931e-02 1.75420322e-02 1.19096144e-02 1.15004579e-02 
209 2.22740997e-02 2.07987423e-02 2.05469765e-02 1.75229738e-02 1.20676812e-02 1.15202451e-02 
210 2.22567890e-02 2.08372446e-02 2.05114723e-02 1.75010306e-02 1.22450548e-02 1.15438145e-02 
211 2.22375596e-02 2.08792844e-02 2.04713053e-02 1.74762183e-02 1.24399473e-02 1.15714389e-02 
212 2.22165426e-02 2.09243186e-02 2.04265056e-02 1.74485514e-02 1.26505286e-02 1.16033995e-02 
213 2.21938764e-02 2.09717712e-02 2.03771083e-02 1.74180427e-02 1.28749693e-02 1.16399774e-02 
214 2.21697038e-02 2.10210416e-02 2.03231545e-02 1.73847020e-02 1.31114779e-02 1.16814430e-02 
215 2.21441700e-02 2.10715139e-02 2.02646921e-02 1.73485350e-02 1.33583314e-02 1.17280472e-02 
216 2.21174195e-02 2.11225665e-02 2.02017763e-02 1.73095425e-02 1.36138993e-02 1.17800113e-02 
217 2.20895942e-02 2.11735814e-02 2.01344702e-02 1.72677188e-02 1.38766620e-02 1.18375176e-02 
218 2.20608301e-02 2.12239540e-02 2.00628462e-02 1.72230515e-02 1.41452211e-02 1.19007012e-02 
219 2.20312554e-02 2.12731032e-02 1.99869866e-02 1.71755199e-02 1.44183067e-02 1.19696417e-02 
220 2.20009884e-02 2.13204816e-02 1.99069845e-02 1.71250942e-02 1.46947785e-02 1.20443564e-02 
221 2.19701349e-02 2.13655864e-02 1.98229452e-02 1.70717350e-02 1.49736218e-02 1.21247948e-02 
222 2.19387868e-02 2.14079705e-02 1.97349876e-02 1.70153925e-02 1.52539401e-02 1.22108338e-02 
223 2.19070205e-02 2.14472558e-02 1.96432449e-02 1.69560059e-02 1.55349434e-02 1.23022752e-02 
224 2.18748960e-02 2.14831470e-02 1.95478668e-02 1.68935032e-02 1.58159306e-02 1.23988431e-02 
225 2.18424556e-02 2.15154489e-02 1.94490211e-02 1.68278010e-02 1.60962681e-02 1.25001841e-02 
226 2.18097240e-02 2.15440869e-02 1.93468955e-02 1.67588041e-02 1.63753617e-02 1.26058677e-02 
227 2.17767079e-02 2.15691327e-02 1.92417004e-02 1.66864060e-02 1.66526227e-02 1.27153877e-02 
228 2.17433968e-02 2.15908382e-02 1.91336711e-02 1.69274216e-02 1.66104891e-02 1.28281648e-02 
229 2.17097637e-02 2.16096786e-02 1.90230721e-02 1.71990334e-02 1.65309251e-02 1.29435489e-02 
230 2.16757665e-02 2.16264101e-02 1.89101997e-02 1.74665656e-02 1.64475756e-02 1.30608227e-02 
231 2.16421459e-02 2.16413496e-02 1.87953881e-02 1.77288672e-02 1.63602930e-02 1.31792036e-02 
232 2.16584530e-02 2.16064460e-02 1.86790143e-02 1.79844152e-02 1.62689214e-02 1.32978461e-02 
233 2.16774706e-02 2.15709799e-02 1.85615051e-02 1.82311803e-02 1.61732979e-02 1.34158433e-02 
234 2.17020396e-02 2.15348693e-02 1.84664797e-02 1.84433454e-02 1.60732536e-02 1.35322262e-02 
235 2.17358076e-02 2.14980292e-02 1.86868543e-02 1.83250870e-02 1.59686152e-02 1.36459629e-02 
236 2.17832359e-02 2.14603748e-02 1.88880450e-02 1.82073603e-02 1.58592063e-02 1.37559552e-02 
237 2.18493854e-02 2.14218252e-02 1.90651903e-02 1.80908844e-02 1.57448492e-02 1.38610346e-02 
238 2.19393533e-02 2.13823063e-02 1.92133723e-02 1.79764798e-02 1.56253666e-02 1.39599578e-02 
239 2.20573657e-02 2.13417556e-02 1.93285091e-02 1.78650774e-02 1.55005833e-02 1.40514026e-02 
240 2.22058119e-02 2.13001245e-02 1.94083074e-02 1.77577240e-02 1.53703280e-02 1.41339695e-02 
241 2.23847129e-02 2.12573828e-02 1.94527797e-02 1.76555783e-02 1.52344350e-02 1.42061897e-02 
242 2.25919286e-02 2.12135220e-02 1.94640269e-02 1.75598925e-02 1.50927468e-02 1.42665486e-02 
243 2.28239197e-02 2.11685578e-02 1.94454667e-02 1.74719714e-02 1.49451150e-02 1.43135296e-02 
244 2.30766007e-02 2.11225343e-02 1.94009726e-02 1.73931067e-02 1.47914026e-02 1.43456839e-02 
245 2.33459525e-02 2.10755253e-02 1.93342555e-02 1.73244822e-02 1.46314863e-02 1.43617264e-02 
246 2.36283260e-02 2.10276375e-02 1.92485565e-02 1.72670636e-02 1.44652572e-02 1.43606480e-02 
247 2.39205203e-02 2.09790120e-02 1.91465654e-02 1.72214913e-02 1.43418237e-02 1.42926236e-02 
248 2.42197485e-02 2.09298254e-02 1.90304555e-02 1.71880050e-02 1.43050872e-02 1.41135120e-02 
249 2.45235600e-02 2.08802911e-02 1.89019618e-02 1.71664258e-02 1.42507489e-02 1.39278687e-02 
250 2.48297605e-02 2.08306587e-02 1.87624647e-02 1.71562031e-02 1.41795464e-02 1.37356614e-02 
251 2.51363435e-02 2.07812146e-02 1.86130620e-02 1.71565160e-02 1.40925416e-02 1.35368801e-02 
252 2.54414381e-02 2.07322798e-02 1.84546273e-02 1.71663984e-02 1.39909916e-02 1.33315387e-02 
253 2.57432708e-02 2.06842092e-02 1.82878549e-02 1.71848614e-02 1.38762225e-02 1.31196757e-02 
254 2.60401403e-02 2.06373881e-02 1.81132934e-02 1.72109902e-02 1.37495281e-02 1.29013548e-02 
255 2.63304009e-02 2.05922299e-02 1.79313711e-02 1.72440073e-02 1.36121004e-02 1.26766660e-02 
256 2.66124536e-02 2.05491717e-02 1.77424149e-02 1.72833050e-02 1.34649911e-02 1.24457258e-02 
257 2.68847422e-02 2.05086702e-02 1.75466653e-02 1.73284525e-02 1.33090973e-02 1.22086770e-02 
258 2.71457535e-02 2.04711957e-02 1.73791862e-02 1.73442870e-02 1.31451635e-02 1.19656897e-02 
259 2.73940199e-02 2.04372275e-02 1.74353907e-02 1.71353784e-02 1.29737927e-02 1.17169600e-02 
260 2.76281247e-02 2.04072463e-02 1.74970732e-02 1.69199791e-02 1.27954624e-02 1.14627104e-02 
261 2.78467080e-02 2.03817284e-02 1.75643376e-02 1.66980763e-02 1.26105424e-02 1.12031889e-02 
262 2.80484742e-02 2.03611381e-02 1.76373577e-02 1.64696106e-02 1.24193118e-02 1.09386681e-02 
263 2.82321997e-02 2.03459203e-02 1.77163523e-02 1.62344814e-02 1.22219751e-02 1.06694441e-02 
264 2.83967415e-02 2.03364930e-02 1.78015611e-02 1.59925523e-02 1.20186767e-02 1.03958354e-02 
265 2.85410452e-02 2.03332401e-02 1.78932246e-02 1.57436556e-02 1.18095130e-02 1.01181814e-02 
266 2.86641536e-02 2.03365036e-02 1.79915640e-02 1.54875981e-02 1.15945433e-02 9.83684063e-03 
267 2.87652155e-02 2.03465771e-02 1.80967656e-02 1.52241653e-02 1.13737994e-02 9.55218887e-03 
268 2.88434935e-02 2.03636990e-02 1.82089659e-02 1.49531268e-02 1.11472931e-02 9.26461723e-03 
269 2.88983724e-02 2.03880466e-02 1.83282397e-02 1.46742411e-02 1.09150225e-02 8.97452988e-03 
270 2.89293668e-02 2.04197314e-02 1.84545911e-02 1.43872607e-02 1.06769780e-02 8.68234167e-03 
271 2.89361292e-02 2.04587944e-02 1.85879456e-02 1.40919368e-02 1.04331465e-02 8.38847566e-03 
272 2.89184564e-02 2.05052035e-02 1.87281452e-02 1.37880239e-02 1.01835149e-02 8.09336047e-03 
273 2.88762975e-02 2.05588511e-02 1.88749459e-02 1.34752847e-02 9.92807373e-03 7.79742745e-03 
274 2.88097597e-02 2.06195533e-02 1.90280159e-02 1.31534943e-02 9.66681894e-03 7.50110796e-03 
275 2.87191147e-02 2.06870501e-02 1.91869372e-02 1.28224447e-02 9.39975442e-03 7.20483029e-03 
276 2.86048047e-02 2.07610069e-02 1.93512080e-02 1.24819484e-02 9.12689337e-03 6.90901667e-03 
277 2.84674475e-02 2.08410173e-02 1.95202467e-02 1.21318425e-02 8.84825970e-03 6.61408012e-03 
278 2.83078413e-02 2.09266062e-02 1.96933972e-02 1.17719916e-02 8.56388910e-03 6.32042132e-03 
279 2.81269690e-02 2.10172349e-02 1.98699356e-02 1.14022912e-02 8.27382988e-03 6.02842536e-03 
280 2.79260014e-02 2.11123064e-02 2.00490774e-02 1.10226706e-02 7.97814370e-03 5.73845846e-03 
281 2.77062997e-02 2.12111716e-02 2.02299856e-02 1.06330948e-02 7.67690610e-03 5.45086476e-03 
282 2.74694175e-02 2.13131360e-02 2.04117791e-02 1.02335666e-02 7.37020692e-03 5.16596300e-03 
283 2.72171001e-02 2.14174673e-02 2.05935419e-02 9.82412856e-03 7.05815062e-03 4.88404327e-03 
284 2.69512842e-02 2.15234028e-02 2.07743318e-02 9.40486397e-03 6.74085644e-03 4.60536379e-03 
285 2.66740940e-02 2.16301576e-02 2.09531894e-02 8.97589789e-03 6.41845842e-03 4.33014774e-03 
286 2.63878357e-02 2.17369319e-02 2.11291475e-02 8.53739766e-03 6.09110536e-03 4.05858017e-03 
287 2.60949895e-02 2.18429198e-02 2.13012393e-02 8.08957315e-03 5.75896051e-03 3.79080495e-03 
288 2.57981982e-02 2.19473160e-02 2.14685071e-02 7.63267658e-03 5.42220108e-03 3.52692183e-03 
289 2.55002515e-02 2.20493246e-02 2.16300103e-02 7.16700197e-03 5.08101758e-03 3.26698352e-03 
290 2.52040668e-02 2.21481654e-02 2.17848334e-02 6.69288423e-03 4.73561269e-03 3.01099273e-03 
291 2.49126646e-02 2.22430813e-02 2.19320925e-02 6.21069766e-03 4.38619974e-03 2.75889893e-03 
292 2.46291386e-02 2.23333446e-02 2.20709429e-02 5.72085383e-03 4.03300041e-03 2.51059458e-03 
293 2.43566200e-02 2.24182636e-02 2.22005846e-02 5.22379842e-03 3.67624132e-03 2.26590999e-03 
294 2.40982364e-02 2.24971876e-02 2.23202684e-02 4.72000660e-03 3.31614854e-03 2.02460547e-03 
295 2.38570651e-02 2.25695124e-02 2.24293010e-02 4.20997551e-03 2.95293855e-03 1.78635772e-03 
296 2.36360806e-02 2.26346850e-02 2.25270499e-02 3.69421164e-03 2.58680178e-03 1.55073400e-03 
297 2.34380992e-02 2.26922077e-02 2.26129470e-02 3.17320699e-03 2.21787048e-03 1.31713803e-03 
298 2.32657206e-02 2.27416419e-02 2.26864929e-02 2.64738899e-03 1.84614819e-03 1.08468468e-03 
299 2.31212696e-02 2.27826110e-02 2.27472597e-02 2.11699774e-03 1.47133177e-03 8.51864339e-04 
300 2.30067396e-02 2.28148032e-02 2.27948936e-02 1.58171788e-03 1.09226145e-03 6.15421179e-04 
301 2.29237412e-02 2.28379738e-02 2.28291174e-02 1.03916302e-03 7.04553415e-04 3.64644490e-04 
302 2.28734586e-02 2.28519470e-02 2.28497317e-02 4.72797629e-04 2.78215424e-04 -1.16973217e-04 
303 2.28566165e-02 2.28566165e-02 2.28566165e-02 -2.49856927e-04 -2.49856927e-04 -2.49856927e-04 000-111
304 2.28824591e-02 2.28475789e-02 2.28475789e-02 5.59991106e-04 3.13855224e-04 3.13855224e-04 
305 2.29594631e-02 2.28205480e-02 2.28205480e-02 1.20037222e-03 7.61710778e-04 7.61710778e-04 
306 2.30860799e-02 2.27757685e-02 2.27757685e-02 1.82131933e-03 1.17447188e-03 1.17447188e-03 
307 2.32598022e-02 2.27136455e-02 2.27136455e-02 2.43693551e-03 1.57818338e-03 1.57818338e-03 
308 2.34772676e-02 2.26347408e-02 2.26347408e-02 3.04953815e-03 1.97653127e-03 1.97653127e-03 
309 2.37343889e-02 2.25397674e-02 2.25397674e-02 3.65962924e-03 2.37028515e-03 2.37028515e-03 
310 2.40265020e-02 2.24295822e-02 2.24295822e-02 4.26718177e-03 2.75946010e-03 2.75946010e-03 
311 2.43485198e-02 2.23051773e-02 2.23051773e-02 4.87194913e-03 3.14382815e-03 3.14382815e-03 
312 2.46950821e-02 2.21676696e-02 2.21676696e-02 5.47356473e-03 3.52308800e-03 3.52308800e-03 
313 2.50606954e-02 2.20182891e-02 2.20182891e-02 6.07157989e-03 3.89693443e-03 3.89693443e-03 
314 2.54398571e-02 2.18583647e-02 2.18583647e-02 6.66548097e-03 4.26509157e-03 4.26509157e-03 
315 2.58271621e-02 2.16893089e-02 2.16893089e-02 7.25469840e-03 4.62733060e-03 4.62733060e-03 
316 2.62173899e-02 2.15126012e-02 2.15126012e-02 7.83861286e-03 4.98347929e-03 4.98347929e-03 
317 2.66055753e-02 2.13297693e-02 2.13297693e-02 8.41656105e-03 5.33342726e-03 5.33342726e-03 
318 2.69870612e-02 2.11423693e-02 2.11423693e-02 8.98784192e-03 5.67712801e-03 5.67712801e-03 
319 2.73575392e-02 2.09519649e-02 2.09519649e-02 9.55172339e-03 6.01459852e-03 6.01459852e-03 
320 2.77130770e-02 2.07601049e-02 2.07601049e-02 1.01074504e-02 6.34591691e-03 6.34591691e-03 
321 2.80501365e-02 2.05683012e-02 2.05683012e-02 1.06542539e-02 6.67121838e-03 6.67121838e-03 
322 2.83655850e-02 2.03780055e-02 2.03780055e-02 1.11913603e-02 6.99068935e-03 6.99068935e-03 
323 2.86566988e-02 2.01905871e-02 2.01905871e-02 1.17180021e-02 7.30456027e-03 7.30456027e-03 
324 2.89211636e-02 2.00073110e-02 2.00073110e-02 1.22334286e-02 7.61309710e-03 7.61309710e-03 
325 2.91570700e-02 1.98293174e-02 1.98293174e-02 1.27369174e-02 7.91659146e-03 7.91659146e-03 
326 2.93629071e-02 1.96576038e-02 1.96576038e-02 1.32277853e-02 8.21534990e-03 8.21534990e-03 
327 2.95375539e-02 1.94930090e-02 1.94930090e-02 1.37053996e-02 8.50968247e-03 8.50968247e-03 
328 2.96802681e-02 1.93362012e-02 1.93362012e-02 1.41691882e-02 8.79989048e-03 8.79989048e-03 
329 2.97906748e-02 1.91876691e-02 1.91876691e-02 1.46186494e-02 9.08625420e-03 9.08625420e-03 
330 2.98687536e-02 1.90477180e-02 1.90477180e-02 1.50533606e-02 9.36902041e-03 9.36902041e-03 
331 2.99148250e-02 1.89164706e-02 1.89164706e-02 1.54729845e-02 9.64839005e-03 9.64839005e-03 
332 2.99295360e-02 1.87938715e-02 1.87938715e-02 1.58772747e-02 9.92450645e-03 9.92450645e-03 
333 2.99138457e-02 1.86796985e-02 1.86796985e-02 1.62660780e-02 1.01974440e-02 1.01974440e-02 
334 2.98690103e-02 1.85735766e-02 1.85735766e-02 1.66393345e-02 1.04671975e-02 1.04671975e-02 
335 2.97965680e-02 1.84749978e-02 1.84749978e-02 1.69970738e-02 1.07336728e-02 1.07336728e-02 
336 2.96983247e-02 1.83833447e-02 1.83833447e-02 1.73394080e-02 1.09966775e-02 1.09966775e-02 
337 2.95763393e-02 1.82979172e-02 1.82979172e-02 1.76665196e-02 1.12559131e-02 1.12559131e-02 
338 2.94329108e-02 1.82179632e-02 1.82179632e-02 1.79786456e-02 1.15109674e-02 1.15109674e-02 
339 2.92705661e-02 1.82760541e-02 1.81427111e-02 1.81427111e-02 1.17613070e-02 1.17613070e-02 
340 2.90920506e-02 1.85590166e-02 1.80714056e-02 1.80714056e-02 1.20062698e-02 1.20062698e-02 
341 2.89003200e-02 1.88277723e-02 1.80033445e-02 1.80033445e-02 1.22450574e-02 1.22450574e-02 
342 2.86985367e-02 1.90824857e-02 1.79379184e-02 1.79379184e-02 1.24767254e-02 1.24767254e-02 
343 2.84900678e-02 1.93231974e-02 1.78746507e-02 1.78746507e-02 1.27001733e-02 1.27001733e-02 
344 2.82784873e-02 1.95497680e-02 1.78132399e-02 1.78132399e-02 1.29141317e-02 1.29141317e-02 
345 2.80675794e-02 1.97618189e-02 1.77536010e-02 1.77536010e-02 1.31171491e-02 1.31171491e-02 
346 2.78613390e-02 1.99586726e-02 1.76959053e-02 1.76959053e-02 1.33075790e-02 1.33075790e-02 
347 2.76639653e-02 2.01393009e-02 1.76406141e-02 1.76406141e-02 1.34835708e-02 1.34835708e-02 
348 2.74798352e-02 2.03022928e-02 1.75884995e-02 1.75884995e-02 1.36430719e-02 1.36430719e-02 
349 2.73134421e-02 2.04458592e-02 1.75406410e-02 1.75406410e-02 1.37838513e-02 1.37838513e-02 
350 2.71692820e-02 2.05678942e-02 1.74983837e-02 1.74983837e-02 1.39035590e-02 1.39035590e-02 
351 2.70516680e-02 2.06661119e-02 1.74632433e-02 1.74632433e-02 1.39998364e-02 1.39998364e-02 
352 2.69644687e-02 2.07382668e-02 1.74367491e-02 1.74367491e-02 1.40704857e-02 1.40704857e-02 
353 2.69107916e-02 2.07824362e-02 1.74202359e-02 1.74202359e-02 1.41136878e-02 1.41136878e-02 
